Location Properties,,,,,,,,,,,,,,,,,
Location Name = Fence Creek,,,,,,,,,,,,,,,,,
Location ID = eedcb52e-0ba7-465c-8a88-f9905ba2800d,,,,,,,,,,,,,,,,,
,,,,,,,,,,,,,,,,,
Report Properties,,,,,,,,,,,,,,,,,
Start Time = 2026-06-10 13:18:17,,,,,,,,,,,,,,,,,
Duration = 27.21:30:02,,,,,,,,,,,,,,,,,
Readings = 1340,,,,,,,,,,,,,,,,,
Time Offset = -04:00:00,,,,,,,,,,,,,,,,,
,,,,,,,,,,,,,,,,,
Instrument Properties,,,,,,,,,,,,,,,,,
Device Model = Aqua TROLL 600,,,,,,,,,,,,,,,,,
Device SN = 1005046,,,,,,,,,,,,,,,,,
Device Firmware = 2.45,,,,,,,,,,,,,,,,,
,,,,,,,,,,,,,,,,,
Log Properties,,,,,,,,,,,,,,,,,
Log Name = LOG_0326FENC_1005046,,,,,,,,,,,,,,,,,
Log Type = Linear,,,,,,,,,,,,,,,,,
Log File Number = 1,,,,,,,,,,,,,,,,,
Log ID = bc6c4267-cd6a-4e47-a025-85d14721e7ce,,,,,,,,,,,,,,,,,
Log Wrapping Enabled = True,,,,,,,,,,,,,,,,,
Interval = 00:30:00,,,,,,,,,,,,,,,,,
,,,,,,,,,,,,,,,,,
,,,,,,,,,,,,,,,,,
Date Time,Actual Conductivity (µS/cm) (1026324),Specific Conductivity (µS/cm) (1026324),Salinity (PSU) (1026324),Resistivity (Ω⋅cm) (1026324),Density (g/cm³) (1026324),Total Dissolved Solids (ppt) (1026324),RDO Concentration (mg/L) (1003555),RDO Saturation (%Sat) (1003555),Oxygen Partial Pressure (Torr) (1003555),pH (pH) (1111279),pH mV (mV) (1111279),ORP (mV) (1111279),Chlorophyll-a Fluorescence (RFU) (1007125),Temperature (°C) (1005046),External Voltage (V) (1005046),Battery Capacity (%) (1005046),Barometric Pressure (mm Hg) (1005046)
6/10/2026 13:18,28178.193,30294.078,19.016062,35.488434,1.0122883,19.69115,6.54453,82.09006,128.1606,7.24427,-24.642944,115.623474,0.0379232,21.343203,0.027,79,764.40656
6/10/2026 13:48,27388.88,29135.77,18.227524,36.511166,1.0115623,18.938251,6.928976,87.34892,136.25876,7.226556,-23.636818,144.50073,0.022833964,21.860897,0.018,79,764.40656
6/10/2026 14:18,27375.86,28944.205,18.100712,36.528534,1.0113894,18.813734,6.6420403,84.13828,131.18594,7.256219,-25.420189,157.17029,0.02422419,22.16308,0.027,79,764.40656
6/10/2026 14:48,27160.322,28508.848,17.807272,36.818413,1.0110753,18.53075,6.60903,84.13328,131.09996,7.2467823,-24.8909,160.64166,0.028635448,22.523457,0.036,79,764.40656
6/10/2026 15:18,35050.242,34843.15,22.254845,28.530474,1.0136536,22.648046,10.038261,137.7885,213.63065,7.8768463,-62.890053,147.09473,0.032954205,25.311186,0.054,79,764.40656
6/10/2026 15:48,40687.81,42126.215,27.426308,24.577387,1.018144,27.38204,10.09323,137.53258,214.05775,7.9817023,-68.68839,143.1036,0.030297993,23.212297,0.027,79,764.40656
6/10/2026 16:18,40554.87,42873.023,27.939423,24.657951,1.018819,27.867466,9.978592,133.85567,208.70178,7.9606133,-67.19589,135.38837,0.031019766,22.1691,0.018,79,764.40656
6/10/2026 16:48,40343.203,43153.082,28.124943,24.787323,1.019115,28.049503,9.67573,128.5823,200.66684,7.9459186,-66.194534,146.81339,0.030592525,21.59088,0.009,79,764.40656
6/10/2026 17:18,40141.695,43320.055,28.231958,24.911753,1.0193107,28.158037,9.656983,127.40687,198.9673,7.951837,-66.44726,145.6213,0.029411193,21.158676,0.009,79,764.40656
6/10/2026 17:48,39545.004,43463.23,28.30466,25.287645,1.0195937,28.2511,9.553084,124.069016,194.01239,7.9530993,-66.32328,153.45573,0.033922143,20.280085,0,79,764.40656
6/10/2026 18:18,38670.48,43498.773,28.287104,25.859518,1.0198542,28.274202,9.476381,120.57722,188.84721,7.9590883,-66.428185,150.4612,0.03572371,19.188566,0,79,764.40656
6/10/2026 18:48,37860.484,43678.312,28.364473,26.412764,1.0201931,28.390903,9.320607,116.05715,182.05225,7.9524326,-65.77492,149.94144,0.035969984,18.026325,0,79,764.40656
6/10/2026 19:18,37601.89,43679.336,28.35005,26.594408,1.020255,28.391567,9.102611,112.65674,176.78917,7.940248,-64.992905,143.81885,0.03921487,17.7153,0,79,764.40656
6/10/2026 19:48,37563.566,43650.195,28.328253,26.62154,1.020242,28.372627,9.055759,112.0279,175.80594,7.9387574,-64.902306,155.46323,0.041070495,17.69942,0,79,764.40656
6/10/2026 20:18,37723.184,43655.574,28.341257,26.508898,1.0202086,28.376125,8.959446,111.24253,174.53178,7.9294,-64.39686,159.74998,0.20272645,17.8853,0,79,764.40656
6/10/2026 20:48,38156.887,43701.895,28.397089,26.207588,1.0201396,28.40623,8.610705,107.919136,169.21313,7.8919406,-62.30831,158.2384,0.039803103,18.356934,0,79,764.40656
6/10/2026 21:18,38844.965,43682.895,28.420795,25.743362,1.0199528,28.393883,7.9878964,101.74336,159.34686,7.8126016,-57.83081,147.94827,0.035836045,19.20151,0,79,764.40656
6/10/2026 21:48,39656.15,43627.14,28.42171,25.21677,1.0196943,28.357641,7.0515227,91.56638,143.19618,7.6760807,-49.991608,152.1492,0.031185752,20.234497,0,79,764.40656
6/10/2026 22:18,40094.836,43362.434,28.259174,24.940868,1.0193586,28.185581,6.6346445,87.38013,136.48073,7.587682,-44.908524,145.53546,0.03847113,21.054688,0,79,764.40656
6/10/2026 22:48,39794.28,42438.504,27.611885,25.129238,1.0186872,27.58503,6.273559,83.34293,130.03535,7.5043545,-40.078163,141.80183,0.033133574,21.737844,0.009,79,764.40656
6/10/2026 23:18,37744.11,39797.08,25.724714,26.4942,1.0171088,25.868101,6.1927743,82.20199,128.13826,7.4207735,-35.19535,133.16154,0.037398808,22.299166,0.018,79,764.40656
6/10/2026 23:48,35325.004,37036.668,23.761461,28.30856,1.0155501,24.073835,6.195529,81.72137,127.32948,7.3536487,-31.24237,149.53613,0.035827104,22.580345,0.018,79,764.40656
6/11/2026 0:18,34299.848,35922.875,22.973438,29.154648,1.0149409,23.349869,5.880695,77.29097,120.41559,7.2957535,-27.809143,157.73773,0.077666335,22.63451,0.018,79,764.40656
6/11/2026 0:48,33612.79,35226.953,22.481392,29.750582,1.0145787,22.89752,5.4074693,70.82609,110.349815,7.2391257,-24.442673,164.83783,0.03812651,22.60095,0.018,79,764.40656
6/11/2026 1:18,33247.46,34890.438,22.242973,30.077484,1.0144165,22.678783,5.0212584,65.59774,102.21521,7.195694,-21.858215,154.83856,0.6398602,22.534576,0.018,79,764.40656
6/11/2026 1:48,32808.027,34484.957,21.956137,30.480345,1.0142214,22.415222,4.6144896,60.09564,93.65436,7.163825,-19.960403,164.47067,0.086451605,22.454035,0.018,79,764.40656
6/11/2026 2:18,32622.172,34382.75,21.881647,30.653997,1.0142009,22.348787,4.1308193,53.64154,83.614845,7.130388,-17.967224,158.44345,0.08283212,22.319096,0.018,79,764.40656
6/11/2026 2:48,32369.219,34146.594,21.714954,30.893547,1.0140868,22.195286,4.0428953,52.406624,81.69587,7.1151624,-17.061234,163.60283,0.13806371,22.274797,0.018,79,764.40656
6/11/2026 3:18,32074.316,33902.37,21.541716,31.177593,1.0139817,22.036543,3.802453,49.15241,76.63525,7.0982933,-16.055107,160.03131,0.32462347,22.176905,0.018,79,764.40656
6/11/2026 3:48,31780.793,33606.176,21.333796,31.465546,1.0138303,21.844015,3.5923898,46.363438,72.28932,7.078211,-14.863014,169.81125,0.08389018,22.156183,0.027,79,764.40656
6/11/2026 4:18,34020.125,37931.16,24.316063,29.394365,1.0167329,24.655254,4.826625,60.452312,94.62503,7.269864,-26.00193,145.77866,0.45338947,19.601637,0.009,79,764.40656
6/11/2026 4:48,36150.426,43276.426,27.989748,27.662191,1.0202818,28.129677,7.4519186,89.65858,140.9306,7.7573347,-54.05903,157.19891,0.6477504,16.378935,0,79,764.40656
6/11/2026 5:18,36169.824,43638.91,28.230415,27.647356,1.0205407,28.365292,7.660927,91.68951,144.18048,7.797264,-56.31447,141.9592,0.32567418,16.038921,0,79,764.40656
6/11/2026 5:48,36196.652,43779.824,28.32521,27.626863,1.0206367,28.456886,7.7766895,92.9301,146.1495,7.8148737,-57.315826,147.8052,0.19803332,15.93133,0,79,764.40656
6/11/2026 6:18,36245.234,43895.72,28.40506,27.589834,1.0207101,28.532219,7.91943,94.57611,148.74786,7.831661,-58.279037,154.24728,0.059250843,15.874988,0,79,764.40656
6/11/2026 6:48,36281.41,43982.46,28.464806,27.562325,1.0207652,28.588598,8.055943,96.16069,151.2474,7.847337,-59.18026,162.04834,0.062823795,15.832793,0,79,764.40656
6/11/2026 7:18,36312.14,43995.406,28.475552,27.539,1.0207682,28.597015,8.10525,96.80158,152.25127,7.8527575,-59.49974,153.90396,0.06373959,15.856655,0,79,764.40656
6/11/2026 7:48,36353.516,43963.156,28.457256,27.507656,1.0207366,28.576052,7.9670634,95.29378,149.86575,7.8373575,-58.62236,163.55515,0.04008024,15.937626,0,79,764.40656
6/11/2026 8:18,36462.996,43983.03,28.478138,27.425064,1.0207286,28.58897,7.927398,95.0399,149.44727,7.830895,-58.2695,169.74927,0.041825607,16.048386,0,79,764.40656
6/11/2026 8:48,36571.33,43980.61,28.484127,27.343824,1.0207045,28.587397,7.9730077,95.8391,150.68088,7.8305216,-58.27427,171.98563,0.040205974,16.179739,0,79,764.40656
6/11/2026 9:18,36912.402,43975.79,28.50422,27.091166,1.020629,28.584263,8.108412,98.27118,154.4294,7.8322954,-58.460236,153.37944,0.06480725,16.59058,0,79,764.40656
6/11/2026 9:48,37335.9,43883.824,28.470493,26.783875,1.0204686,28.524487,8.069128,98.92306,155.3405,7.8051214,-56.996346,163.96523,0.034603786,17.187933,0,79,764.40656
6/11/2026 10:18,37835.145,43828.67,28.463934,26.430452,1.0203128,28.488636,7.864607,97.63653,153.19377,7.750625,-53.93982,156.63147,0.027730053,17.840364,0,79,764.40656
6/11/2026 10:48,37712.96,42895.816,27.829905,26.516083,1.019631,27.88228,7.4348545,93.42944,146.43169,7.662799,-48.947334,155.87329,17.262356,18.674122,0,79,764.40656
6/11/2026 11:18,36274.953,40065.547,25.85078,27.56723,1.0177888,26.042606,6.6042366,84.17178,131.66837,7.4629073,-37.407875,151.20984,0.03943949,20.046606,0,79,764.40656
6/11/2026 11:48,34385.246,37151.215,23.807251,29.082241,1.0159725,24.14829,6.198358,79.60106,124.32137,7.3357143,-30.026436,173.00606,0.029152427,21.102009,0.009,79,764.40656
6/11/2026 12:18,33301.27,35370.074,22.568426,30.028885,1.0148196,22.990547,6.1869545,80.103294,124.94053,7.2682137,-26.111603,178.80917,0.03586114,21.937681,0.018,79,764.40656
6/11/2026 12:48,32863.953,34393.67,21.896166,30.428476,1.0141183,22.355888,6.3827786,83.42413,129.96268,7.241436,-24.585724,175.88615,0.032072395,22.671375,0.027,79,764.40656
6/11/2026 13:18,32628.836,33635.97,21.377605,30.647738,1.0135224,21.86338,6.491613,85.762085,133.43015,7.2344494,-24.232864,180.57823,0.1058991,23.432348,0.045,79,764.40656
6/11/2026 13:48,32536.555,33008.645,20.950401,30.734661,1.0129752,21.455618,6.973548,93.25655,144.87701,7.245305,-24.94812,186.0714,0.03058529,24.251205,0.054,79,764.40656
6/11/2026 14:18,31935.371,32019.05,20.266586,31.313242,1.0122895,20.812384,6.9890456,94.11289,146.04053,7.2341695,-24.333,194.31114,0.03303923,24.86317,0.072,79,764.40656
6/11/2026 14:48,31415.387,31028.75,19.585316,31.831535,1.0115527,20.168688,7.4458055,101.269,156.90488,7.2503395,-25.367737,192.41333,0.031396218,25.652388,0.09,79,764.40656
6/11/2026 15:18,31469.432,30952.465,19.534409,31.776869,1.0114502,20.119102,7.60028,103.74125,160.6643,7.2883782,-27.67086,172.52922,0.030184517,25.874449,0.099,79,764.40656
6/11/2026 15:48,32360.992,31856.773,20.163973,30.901402,1.0119352,20.706903,7.6779485,105.09143,162.77025,7.2939286,-27.999878,175.68112,0.03437268,25.828676,0.108,79,764.40656
6/11/2026 16:18,39029.9,42644.855,27.722778,25.621384,1.0190796,27.719156,9.455274,123.017685,192.28775,7.930192,-65.03582,164.95705,0.03447902,20.561838,0.045,79,764.40656
6/11/2026 16:48,37882.316,43885.223,28.504644,26.397541,1.0203443,28.525396,9.269015,115.095436,180.58762,7.9407563,-65.050125,161.86714,0.083303,17.838402,0,79,764.40656
6/11/2026 17:18,37008.21,43402.438,28.128994,27.02103,1.0201848,28.211586,8.900955,109.10524,171.30869,7.9327335,-64.45885,153.24115,0.2744001,17.286694,0,79,764.40656
6/11/2026 17:48,36987.855,43704.527,28.328915,27.0359,1.0204135,28.407942,8.819387,107.53639,168.91493,7.9267993,-64.03923,160.40326,0.08611026,16.953733,0,79,764.40656
6/11/2026 18:18,37198.383,43795.727,28.40307,26.882889,1.0204341,28.467222,8.860882,108.42723,170.28082,7.9267683,-64.07261,153.58925,0.08896758,17.11314,0,79,764.40656
6/11/2026 18:48,36899.82,43904.805,28.45626,27.100403,1.02058,28.538122,8.824851,107.04069,168.19902,7.924605,-63.843727,133.1377,0.25273684,16.64663,0,79,764.40656
6/11/2026 19:18,36807.453,43944.76,28.47659,27.168411,1.0206289,28.564095,8.674205,104.91672,164.89114,7.912631,-63.114166,133.49057,0.19646567,16.496572,0,79,764.40656
6/11/2026 19:48,36837.78,43913.785,28.458086,27.146044,1.0205998,28.54396,8.661534,104.88977,164.83559,7.9098387,-62.966347,145.1397,0.32823396,16.563665,0,79,764.40656
6/11/2026 20:18,36808.785,43961.27,28.487621,27.167427,1.0206406,28.574825,8.580145,103.755615,163.06923,7.9058,-62.713623,140.75279,0.27328414,16.481691,0,79,764.40656
6/11/2026 20:48,36824.367,43924.56,28.464325,27.155931,1.0206106,28.550964,8.471537,102.53894,161.14638,7.8918247,-61.912537,157.5756,0.30663967,16.536905,0,79,764.40656
6/11/2026 21:18,36870.188,43966.926,28.495512,27.122183,1.0206318,28.5785,8.351267,101.126724,158.92465,7.878911,-61.163902,165.44342,0.61664504,16.54917,0,79,764.40656
6/11/2026 21:48,36996.45,43878.055,28.444872,27.029621,1.0205394,28.520735,7.877627,95.81122,150.52765,7.809661,-57.182312,171.8378,0.04072444,16.788754,0,79,764.40656
6/11/2026 22:18,37208.15,43737.12,28.364616,26.875834,1.0203885,28.429129,7.287793,89.28107,140.20013,7.7143545,-51.703453,169.3201,0.07127888,17.184422,0,79,764.40656
6/11/2026 22:48,37458.184,43536.273,28.245708,26.696436,1.0201811,28.298578,6.6196465,81.836334,128.42761,7.5899425,-44.527054,176.0149,0.036290936,17.690586,0,79,764.40656
6/11/2026 23:18,37380.34,42904.93,27.817947,26.752031,1.0197212,27.888205,6.1049285,76.105736,119.346466,7.48465,-38.45215,156.86035,0.04008973,18.258451,0,79,764.40656
6/11/2026 23:48,36443.066,41140.535,26.583023,27.440062,1.0185974,26.741348,5.767732,72.41951,113.44907,7.3902874,-33.016205,138.7453,0.03514609,19.021936,0,79,764.40656
6/12/2026 0:18,34328.855,37894.793,24.305212,29.130013,1.016609,24.631617,5.431354,68.62854,107.350174,7.2809753,-26.698112,136.94763,0.064657934,20.073244,0,79,764.40656
6/12/2026 0:48,32802.473,35678.555,22.758234,30.485506,1.0152601,23.191061,5.018163,63.66744,99.48528,7.1892486,-21.348,135.98442,0.038153037,20.779528,0,79,764.40656
6/12/2026 1:18,32089.68,34775.85,22.127748,31.162666,1.0147384,22.604303,4.576654,58.0417,90.67023,7.131549,-17.952919,129.61865,0.8633315,20.95589,0,79,764.40656
6/12/2026 1:48,31250.719,33776.49,21.430347,31.999264,1.0141782,21.954718,4.11794,52.13607,81.42854,7.0787196,-14.839172,135.95105,0.09562722,21.084875,0,79,764.40656
6/12/2026 2:18,30673.303,33112.81,20.967941,32.601643,1.0138139,21.523325,3.7307105,47.15643,73.64452,7.0386515,-12.47406,128.89862,0.7934585,21.1428,0.009,79,764.40656
6/12/2026 2:48,30299.719,32733.06,20.702415,33.003605,1.0136219,21.27649,3.4705863,43.771923,68.36261,7.0212474,-11.444092,145.24936,0.31632552,21.107908,0.009,79,764.40656
6/12/2026 3:18,30397.709,32879.875,20.803411,32.897217,1.0137135,21.37192,3.0875702,38.92054,60.791424,7.00337,-10.385513,136.00827,0.9229749,21.04754,0,79,764.40656
6/12/2026 3:48,29492.834,31854.617,20.091717,33.90654,1.0131576,20.705502,2.87268,36.10865,56.39327,6.97548,-8.821487,139.17923,0.92733,21.118189,0.009,79,764.40656
6/12/2026 4:18,29392.246,31766.172,20.02969,34.02258,1.0131184,20.648012,2.5343106,31.825548,49.70644,6.9610777,-8.020401,136.05118,0.57188785,21.08737,0.009,79,764.40656
6/12/2026 4:48,29259.596,31619.328,19.927929,34.176823,1.0130402,20.552563,1.8448638,23.156107,36.165855,6.949574,-7.381439,133.45242,1.1618849,21.092701,0.009,79,764.40656
6/12/2026 5:18,34086.508,39245.348,25.194733,29.33712,1.0177537,25.509476,5.6335554,68.94753,108.14119,7.393257,-33.08773,137.77733,0.37997672,18.11775,0,79,764.40656
6/12/2026 5:48,36682.645,43631.168,28.26028,27.260849,1.0204266,28.36026,7.496794,90.85134,142.75716,7.765848,-54.60739,145.04433,0.03633614,16.661991,0,79,764.40656
6/12/2026 6:18,36770.25,43870.027,28.424536,27.195898,1.0205823,28.515518,7.651496,92.57267,145.4855,7.798745,-56.495667,145.8168,0.040388048,16.526876,0,79,764.40656
6/12/2026 6:48,36688.97,43840.594,28.399555,27.25615,1.020578,28.496386,7.8924875,95.34673,149.85728,7.8256183,-58.045387,162.24861,0.037506226,16.45927,0,79,764.40656
6/12/2026 7:18,36757.17,43909.223,28.44963,27.205576,1.0206137,28.540995,7.9862146,96.53296,151.71935,7.8331165,-58.484077,163.51224,0.049149342,16.472115,0,79,764.40656
6/12/2026 7:48,36743.61,43891.98,28.437294,27.215616,1.020604,28.529789,8.066871,97.502396,153.24281,7.843279,-59.075356,166.8644,0.036336888,16.47315,0,79,764.40656
6/12/2026 8:18,36799.41,43926.27,28.463781,27.174349,1.0206171,28.552076,8.146729,98.54619,154.87732,7.8521824,-59.599876,170.44067,0.03762184,16.505447,0,79,764.40656
6/12/2026 8:48,36905.05,43912.062,28.46143,27.096561,1.0205841,28.542841,8.196379,99.418785,156.2225,7.8545547,-59.76677,180.33981,0.037024453,16.645592,0,79,764.40656
6/12/2026 9:18,37024.145,43924.043,28.47725,27.009401,1.0205672,28.550629,8.122579,98.78436,155.2012,7.84484,-59.227943,175.85278,0.037375174,16.775545,0,79,764.40656
6/12/2026 9:48,37143.617,43884.52,28.45872,26.922525,1.0205119,28.524939,8.242054,100.58399,157.9935,7.8496847,-59.547424,184.82208,0.037135225,16.95783,0,79,764.40656
6/12/2026 10:18,37814.695,43907.9,28.515852,26.444746,1.0203773,28.540134,8.345981,103.43362,162.31161,7.8439355,-59.370995,186.02371,0.032175995,17.73443,0,79,764.40656
6/12/2026 10:48,38793.582,43893.4,28.560797,25.77746,1.0201292,28.530708,8.4394,107.007744,167.65756,7.811529,-57.7116,188.84183,0.024145233,18.916945,0,79,764.40656
6/12/2026 11:18,39273.727,43747.45,28.4859,25.462315,1.0198919,28.435843,8.252632,106.036125,165.96619,7.766423,-55.203438,180.76419,0.03249976,19.645943,0,79,764.40656
6/12/2026 11:48,38772.676,42490.65,27.606358,25.791359,1.019028,27.618921,7.7198358,100.10493,156.50648,7.6635776,-49.28589,184.58366,0.028615445,20.418797,0,79,764.40656
6/12/2026 12:18,37022.113,39696.87,25.630838,27.010883,1.0172572,25.802965,7.0749283,92.45997,144.32103,7.497147,-39.61563,179.26216,0.0343306,21.472271,0.009,79,764.40656
6/12/2026 12:48,34651.41,36496.535,23.373457,28.858854,1.015318,23.722748,6.8393784,89.64145,139.7226,7.3783193,-32.68242,190.94943,0.029785495,22.353083,0.018,79,764.40656
6/12/2026 13:18,32871.586,34113.418,21.706982,30.42141,1.0138624,22.173721,6.9232755,91.082825,141.79164,7.315867,-29.04892,185.4372,0.13843231,23.094084,0.018,79,764.40656
6/12/2026 13:48,31588.723,32436.607,20.541454,31.656868,1.0128387,21.083796,7.1221075,93.97523,146.1569,7.2897806,-27.546883,201.60199,0.031198928,23.631428,0.027,79,764.40656
6/12/2026 14:18,31607.781,32197.871,20.38073,31.63778,1.0126054,20.928616,7.163407,95.12625,147.8385,7.287946,-27.475357,201.81656,0.03911021,24.040472,0.045,79,764.40656
6/12/2026 14:48,31450.596,31753.305,20.076817,31.7959,1.012249,20.639647,7.5726404,101.21109,157.16211,7.3176274,-29.292107,209.25046,0.033833344,24.500881,0.054,79,764.40656
6/12/2026 15:18,30508.371,30371.045,19.124453,32.77789,1.0113264,19.741179,7.4995136,100.994995,156.60771,7.312838,-29.07753,180.48286,0.081544295,25.236734,0.063,79,764.40656
6/12/2026 15:48,30229.898,29898.406,18.800442,33.079834,1.0109853,19.433964,7.879498,106.55804,165.1231,7.3467755,-31.147003,185.88066,0.032200664,25.580484,0.072,79,764.40656
6/12/2026 16:18,30357.07,29927.424,18.822098,32.941254,1.0109522,19.452826,7.440544,100.93616,156.35837,7.356964,-31.776428,167.68933,0.02946018,25.751637,0.081,79,764.40656
6/12/2026 16:48,27659.084,26846.998,16.709715,36.154488,1.0091294,17.45055,7.7049427,104.792336,162.05736,7.322144,-29.768944,178.52307,0.035258308,26.583698,0.081,79,764.40656
6/12/2026 17:18,39468.457,43603.164,28.396748,25.336689,1.019726,28.342056,8.636436,111.71684,174.75946,7.896781,-62.95204,147.62878,0.58526045,20.035295,0.009,79,764.40656
6/12/2026 17:48,38753.28,43826.11,28.513132,25.804266,1.0200874,28.486973,8.824207,111.90368,175.32292,7.91648,-63.872337,156.92233,0.5480205,18.939842,0,79,764.40656
6/12/2026 18:18,38433.695,43893.41,28.54149,26.018835,1.0202184,28.530716,8.804852,110.723206,173.5796,7.91597,-63.74359,160.63214,0.5757578,18.487656,0,79,764.40656
6/12/2026 18:48,38055.62,43896.09,28.522028,26.277327,1.0203116,28.53246,8.631148,107.589485,168.7679,7.9039664,-62.942505,168.18047,0.52896833,18.03392,0,79,764.40656
6/12/2026 19:18,38029.914,43890.66,28.516901,26.29509,1.0203136,28.528929,8.56817,106.74998,167.45645,7.899574,-62.680244,164.09396,0.54953915,18.008867,0,79,764.40656
6/12/2026 19:48,37631.55,43882.21,28.48766,26.573446,1.0204004,28.523438,8.5003605,104.93916,164.71446,7.8950863,-62.31785,165.37189,0.5723003,17.542313,0,79,764.40656
6/12/2026 20:18,37486.383,43912.984,28.499346,26.676353,1.0204564,28.54344,8.437485,103.7586,162.9034,7.894285,-62.22725,151.11923,0.56588864,17.337772,0,79,764.40656
6/12/2026 20:48,37389.383,43870.9,28.465206,26.74556,1.020447,28.516083,8.375906,102.834366,161.46703,7.891119,-62.026978,122.885704,0.66113085,17.264887,0,79,764.40656
6/12/2026 21:18,37421.824,43878.59,28.472364,26.722374,1.0204453,28.521084,8.332617,102.36871,160.72968,7.886346,-61.75518,124.65477,0.7007834,17.295774,0,79,764.40656
6/12/2026 21:48,37522.305,43836.707,28.450573,26.650814,1.0203913,28.49386,8.14637,100.38359,157.58067,7.8650002,-60.544014,151.72482,0.67903155,17.458447,0,79,764.40656
6/12/2026 22:18,37550.098,43870.594,28.474928,26.631088,1.0204103,28.515886,7.9820457,98.37042,154.42068,7.8475204,-59.523582,164.23703,0.6568355,17.456999,0,79,764.40656
6/12/2026 22:48,37654.926,43848.707,28.46665,26.55695,1.0203699,28.50166,7.631489,94.31409,148.02548,7.801679,-56.877136,176.09119,0.29667237,17.604528,0,79,764.40656
6/12/2026 23:18,37998.06,43889.926,28.514565,26.317135,1.0203207,28.528452,7.0233874,87.43992,137.1718,7.715953,-51.937103,173.64502,0.080152035,17.971626,0,79,764.40656
6/12/2026 23:48,38291.723,43796.793,28.468508,26.115305,1.0201792,28.467915,6.3744707,80.02094,125.45945,7.604651,-45.4998,158.41006,0.040277403,18.419071,0,79,764.40656
6/13/2026 0:18,38370.76,43331.03,28.158195,26.06151,1.0198005,28.16517,5.7284822,72.58347,113.70833,7.4683385,-37.59384,130.16223,0.03613908,19.006603,0,79,764.40656
6/13/2026 0:48,37231.25,41317.785,26.740398,26.859158,1.0185207,26.85656,5.5096292,70.29477,109.99662,7.370597,-31.94809,131.54984,0.038358927,19.821728,0,79,764.40656
6/13/2026 1:18,35744.42,39044.52,25.13845,27.976393,1.0171154,25.378939,5.204801,66.71099,104.27329,7.2750278,-26.392937,125.83256,0.43074313,20.574795,0,79,764.40656
6/13/2026 1:48,34940.656,37945.64,24.364307,28.619955,1.0164578,24.664667,4.891759,62.737988,98.02186,7.214516,-22.845268,135.51236,0.16096248,20.85383,0.009,79,764.40656
6/13/2026 2:18,34494.7,37417.812,23.991125,28.989962,1.0161608,24.321579,4.4851193,57.456646,89.762596,7.1561437,-19.402504,126.748085,1.0259565,20.909897,0,79,764.40656
6/13/2026 2:48,34124.496,37014.645,23.705425,29.304462,1.0159439,24.059519,4.1174083,52.659725,82.26827,7.1131845,-16.86573,129.05597,0.9171619,20.911976,0.009,79,764.40656
6/13/2026 3:18,33852.918,36743.773,23.512869,29.53955,1.0158061,23.883451,3.824062,48.824585,76.28042,7.0718684,-14.424324,113.62553,1.3593897,20.880836,0,79,764.40656
6/13/2026 3:48,33431.004,36314.56,23.208477,29.912354,1.0155852,23.604464,3.4880586,44.423714,69.408806,7.0488014,-13.06057,125.17452,0.9494957,20.842676,0,79,764.40656
6/13/2026 4:18,33289.055,36268.117,23.17189,30.039904,1.0155935,23.574276,3.2089097,40.75102,63.684322,7.0235367,-11.563301,110.52132,1.1790682,20.699478,0.009,79,764.40656
6/13/2026 4:48,32661.137,35658.61,22.739483,30.617428,1.0152912,23.178097,2.9895792,37.798405,59.079033,7.0164905,-11.143684,113.22498,0.7837907,20.598936,0,79,764.40656
6/13/2026 5:18,32385.867,35376.164,22.540056,30.877666,1.0151463,22.994507,2.884432,36.409542,56.91033,6.9784393,-8.969307,113.96408,0.65096796,20.574417,0,79,764.40656
6/13/2026 5:48,31902.229,34902.773,22.205452,31.345772,1.0149115,22.686804,2.590879,32.593754,50.951775,6.9836407,-9.255409,128.74603,0.29565164,20.499022,0,79,764.40656
6/13/2026 6:18,29525.39,32442.385,20.481735,33.869152,1.0136566,21.08755,2.2353747,27.729776,43.36153,6.95183,-7.4863434,110.59761,0.6402181,20.29251,0,78,764.40656
6/13/2026 6:48,36991.277,43555.562,28.229975,27.0334,1.0203025,28.311117,7.460011,91.18331,143.20058,7.761539,-54.4405,137.09068,0.4194544,17.10939,0,78,764.40656
6/13/2026 7:18,37167.324,43774.613,28.38703,26.905354,1.0204254,28.453499,7.7661114,94.99292,149.18564,7.8118887,-57.373047,146.57498,0.31872892,17.097445,0,78,764.40656
6/13/2026 7:48,37197.766,43766.758,28.38372,26.883335,1.0204128,28.448393,7.7304587,94.63675,148.61809,7.8137016,-57.487488,145.57838,0.16514985,17.141838,0,78,764.40656
6/13/2026 8:18,37290.473,43831.445,28.432693,26.816502,1.02044,28.490438,8.042352,98.570305,154.78676,7.8454432,-59.347153,140.58113,0.120838255,17.186903,0,78,764.40656
6/13/2026 8:48,37316.92,43806.953,28.418013,26.797495,1.0204158,28.47452,8.149855,99.98893,157.0034,7.8575916,-60.067177,147.02797,0.080778696,17.243418,0,78,764.40656
6/13/2026 9:18,37391.37,43846.918,28.449324,26.744139,1.0204288,28.500498,8.22983,101.083755,158.713,7.864615,-60.486794,143.91899,0.06354393,17.291664,0,78,764.40656
6/13/2026 9:48,37329.92,43759.46,28.387127,26.788162,1.0203775,28.44365,8.280336,101.6972,159.67299,7.872325,-60.93979,144.34814,0.12520728,17.307375,0,78,764.40656
6/13/2026 10:18,37525.09,43835.844,28.450165,26.648836,1.02039,28.493298,8.309174,102.39786,160.74173,7.87193,-60.949326,139.75143,0.18312268,17.46265,0,78,764.40656
6/13/2026 10:48,37839.67,43797.043,28.442976,26.42729,1.0202879,28.468077,8.410434,104.47607,163.9171,7.8750067,-61.216354,157.45639,0.12595603,17.878418,0,78,764.40656
6/13/2026 11:18,38737.008,43840.184,28.521797,25.815107,1.0201023,28.49612,8.542424,108.26564,169.63107,7.8662014,-60.915947,160.08853,0.04198923,18.905546,0,78,764.40656
6/13/2026 11:48,39803.85,43807.844,28.55195,25.123198,1.0197984,28.4751,8.661207,112.51391,175.96013,7.8388233,-59.576035,166.84055,0.02708781,20.214714,0,78,764.40656
6/13/2026 12:18,40393.266,43744.55,28.534164,24.756601,1.0195844,28.433958,8.475638,111.67238,174.4409,7.794265,-57.10125,174.27444,0.029377941,20.988987,0,78,764.40656
6/13/2026 12:48,40249.773,42918.56,27.959717,24.84486,1.0189488,27.897064,8.107039,107.93197,168.39851,7.7124786,-52.404404,179.74854,0.029024813,21.744368,0,78,764.40656
6/13/2026 13:18,38637.617,40572.848,26.287125,25.881514,1.0174788,26.37235,7.67689,102.61093,159.89812,7.5711894,-44.150352,171.8235,0.33807522,22.502739,0.018,78,764.40656
6/13/2026 13:48,36592.76,37875.94,24.372265,27.327808,1.0158354,24.619362,7.3945947,99.025475,154.12097,7.4443946,-36.711693,168.52856,0.029152576,23.226257,0.018,78,764.40656
6/13/2026 14:18,35381.47,36151.207,23.15873,28.263384,1.0147384,23.498283,7.419859,99.83781,155.2044,7.379076,-32.896996,175.82893,0.033049237,23.88523,0.036,78,764.40656
6/13/2026 14:48,34779.957,35178.887,22.479181,28.752192,1.0140809,22.866276,7.4708896,101.061806,156.95786,7.35066,-31.256676,177.84119,0.03179342,24.40628,0.045,78,764.40656
6/13/2026 15:18,34366.367,34440.652,21.96522,29.098217,1.0135581,22.386425,7.4983993,101.99654,158.26685,7.329899,-30.064583,146.12198,0.039208952,24.887072,0.054,78,764.40656
6/13/2026 15:48,34058.89,33806.727,21.5254,29.360909,1.0130833,21.974373,7.536187,103.159225,159.91586,7.3430495,-30.903816,145.0634,0.031118413,25.390526,0.063,78,764.40656
6/13/2026 16:18,33614.87,33070.625,21.013721,29.748737,1.0125624,21.495907,7.5297365,103.6186,160.47849,7.3301673,-30.179024,141.36792,0.033298526,25.861626,0.072,78,764.40656
6/13/2026 16:48,33792.02,33005.234,20.971851,29.592787,1.0124173,21.453403,7.307218,101.20762,156.62204,7.340701,-30.851364,128.70789,0.029546881,26.248072,0.072,78,764.40656
6/13/2026 17:18,33502.605,32475.752,20.604568,29.848425,1.0120214,21.10924,7.4863024,104.20248,161.12102,7.344439,-31.118393,162.6253,0.030220088,26.65545,0.081,78,764.40656
6/13/2026 17:48,31118.89,30303.156,19.088135,32.134823,1.0109595,19.697052,7.400224,101.69653,157.32652,7.348034,-31.309128,176.33438,0.031593893,26.40938,0.09,78,764.40656
6/13/2026 18:18,39207.273,43545.105,28.344927,25.505472,1.0197499,28.30432,8.612405,110.85291,173.47096,7.92023,-64.27765,151.69144,0.4084371,19.784452,0.009,78,764.40656
6/13/2026 18:48,38714.836,43772.926,28.475111,25.829891,1.0200558,28.452402,8.703265,110.36631,172.91183,7.924814,-64.36348,161.2091,0.3713259,18.950106,0,78,764.40656
6/13/2026 19:18,38696.348,43766.25,28.46962,25.842232,1.0200554,28.448061,8.770741,111.18684,174.20094,7.929179,-64.6162,155.6015,0.43217507,18.935053,0,78,764.40656
6/13/2026 19:48,38671.2,43785.59,28.481388,25.859037,1.0200766,28.460634,8.740135,110.70088,173.45157,7.9269304,-64.47315,168.83374,0.2496127,18.884539,0,78,764.40656
6/13/2026 20:18,38414.926,43895.254,28.541702,26.031548,1.0202245,28.531916,8.611384,108.24048,169.69296,7.92803,-64.44454,171.69952,0.36651832,18.46334,0,78,764.40656
6/13/2026 20:48,38211.336,43860.54,28.506975,26.170244,1.0202473,28.509352,8.484316,106.20137,166.54184,7.906159,-63.118935,173.00128,0.62960905,18.256588,0,78,764.40656
6/13/2026 21:18,37949.062,43843.39,28.480461,26.351112,1.020297,28.498205,8.284697,103.10118,161.74266,7.889472,-62.07943,146.65128,0.5503094,17.96123,0,78,764.40656
6/13/2026 21:48,37844.39,43800.785,28.445766,26.423996,1.0202895,28.47051,8.202413,101.897224,159.87068,7.8840566,-61.745644,137.4483,0.48884162,17.880194,0,78,764.40656
6/13/2026 22:18,37832.457,43858.395,28.483713,26.432331,1.0203358,28.507956,8.14313,101.04036,158.54137,7.879183,-61.445236,146.49869,0.5676076,17.806528,0,78,764.40656
6/13/2026 22:48,37816.3,43852.69,28.478935,26.443623,1.0203353,28.50425,8.043057,99.77022,156.5511,7.866337,-60.691833,173.16342,0.5880555,17.79311,0,78,764.40656
6/13/2026 23:18,37836.64,43826.57,28.462614,26.429407,1.0203109,28.48727,7.8541856,97.5137,153.00026,7.8469787,-59.571266,175.75264,0.5881639,17.844322,0,78,764.40656
6/13/2026 23:48,37867.09,43802.504,28.448242,26.408155,1.0202855,28.471628,7.5255637,93.53568,146.74712,7.8079324,-57.30152,185.19879,0.23695654,17.905548,0,78,764.40656
6/14/2026 0:18,38122.66,43857.844,28.500154,26.231117,1.0202667,28.507599,6.9386516,86.679115,135.94604,7.729907,-52.785873,177.89365,0.07186322,18.153528,0,78,764.40656
6/14/2026 0:48,38292.582,43809.03,28.476807,26.11472,1.0201883,28.47587,6.389436,80.19494,125.734215,7.634733,-47.25933,171.86165,0.047464516,18.40731,0,78,764.40656
6/14/2026 1:18,38337.92,43466.066,28.24778,26.083834,1.0199134,28.252943,5.7755976,72.96564,114.33573,7.5021653,-39.553642,151.43872,0.03772221,18.823013,0,78,764.40656
6/14/2026 1:48,37293.957,41731.836,27.023325,26.813995,1.0188324,27.125692,5.4488792,69.129295,108.2329,7.391527,-33.135414,154.9101,0.036000893,19.432318,0,78,764.40656
6/14/2026 2:18,36077.08,39936.113,25.754663,27.718431,1.0177422,25.958473,5.1026444,64.868324,101.48793,7.2925224,-27.365685,149.93192,0.07045077,19.940825,0,78,764.40656
6/14/2026 2:48,35423.65,39082.195,25.150415,28.229729,1.017244,25.403427,4.81454,61.168358,95.677246,7.232759,-23.860931,148.01501,0.040308263,20.09887,0,78,764.40656
6/14/2026 3:18,34927.582,38555.383,24.774517,28.630669,1.016965,25.060999,4.498212,56.995895,89.1541,7.179349,-20.713806,137.72011,0.51609296,20.073654,0,78,764.40656
6/14/2026 3:48,34599.703,38232.816,24.54369,28.901981,1.016802,24.851332,4.190991,52.98225,82.88179,7.143286,-18.587112,148.52048,0.16171025,20.024813,0,78,764.40656
6/14/2026 4:18,34275.297,37915.062,24.316513,29.175531,1.0166421,24.64479,3.8986864,49.1739,76.92995,7.107213,-16.460419,141.7923,0.3776823,19.973934,0,78,764.40656
6/14/2026 4:48,33980.45,37631.33,24.113667,29.428686,1.0165013,24.460365,3.6259036,45.63271,71.39546,7.082877,-15.025139,142.0021,0.28598046,19.920574,0,78,764.40656
6/14/2026 5:18,33710.543,37396.38,23.94475,29.66431,1.016393,24.307646,3.2992811,41.41766,64.80831,7.0435615,-12.70771,108.742714,0.29218912,19.83972,0,78,764.40656
6/14/2026 5:48,33437.14,37136.977,23.759487,29.906864,1.016266,24.139034,3.0818243,38.604813,60.411747,7.0310388,-11.968613,122.36118,0.051452696,19.783937,0,78,764.40656
6/14/2026 6:18,33085.547,36777.7,23.504364,30.224678,1.0160819,23.905504,2.956805,36.954937,57.83322,7.002436,-10.271072,125.107765,0.03724788,19.743925,0,78,764.40656
6/14/2026 6:48,32981.543,36711.008,23.455362,30.319988,1.0160601,23.862156,2.5684197,32.05339,50.166973,7.0077577,-10.595322,136.06071,0.03537398,19.68116,0,78,764.40656
6/14/2026 7:18,34676.09,39199.887,25.194876,28.838314,1.0175563,25.479927,5.090167,63.308926,99.18558,7.2508426,-24.82891,120.12482,0.12502679,18.95794,0,78,764.40656
6/14/2026 7:48,37607.42,43645.46,28.327684,26.590496,1.0202283,28.36955,7.6567407,94.825424,148.79906,7.7912927,-56.300163,155.63011,0.035617966,17.756918,0,78,764.40656
6/14/2026 8:18,37726.766,43832.406,28.46003,26.50638,1.0203409,28.491064,7.707596,95.43968,149.77252,7.8186426,-57.88803,154.29974,0.032660544,17.70706,0,78,764.40656
6/14/2026 8:48,37738.13,43775.926,28.422848,26.4984,1.0202959,28.454353,8.085576,100.236015,157.28488,7.8501463,-59.742928,157.06062,0.035115387,17.778791,0,78,764.40656
6/14/2026 9:18,37911.64,43823.348,28.464834,26.377123,1.0202906,28.485178,8.270343,102.865425,161.37784,7.8671274,-60.768127,153.38422,0.030396357,17.937248,0,78,764.40656
6/14/2026 9:48,37935.78,43785.68,28.440928,26.360338,1.0202565,28.460693,8.3344755,103.7834,162.80363,7.871697,-61.04946,149.37401,0.03075115,18.005075,0,78,764.40656
6/14/2026 10:18,38028.203,43813.605,28.46501,26.296272,1.0202557,28.478844,8.2652,103.09665,161.70917,7.873932,-61.19728,144.4149,0.0355816,18.086607,0,78,764.40656
6/14/2026 10:48,38186.24,43809.234,28.471025,26.187445,1.0202144,28.476004,8.295149,103.85753,162.86127,7.871934,-61.120987,149.02591,0.03249514,18.280006,0,78,764.40656
6/14/2026 11:18,38268.51,43831.05,28.490307,26.131144,1.0202111,28.490183,8.404216,105.3872,165.24344,7.877202,-61.445236,145.54501,0.03428229,18.355566,0,78,764.40656
6/14/2026 11:48,38898.344,43911.383,28.578442,25.708035,1.0201168,28.5424,8.496381,107.95745,169.12096,7.874724,-61.440468,166.97884,0.033844482,19.0229,0,78,764.40656
6/14/2026 12:18,39903.586,43862.53,28.593874,25.060404,1.019815,28.510647,8.630025,112.26049,175.54832,7.8607087,-60.8778,166.95976,0.028735487,20.274448,0,78,764.40656
6/14/2026 12:48,41127.37,43867.043,28.647852,24.314707,1.019474,28.513578,8.823869,117.91761,183.98256,7.8458652,-60.300827,173.00128,0.026025333,21.730158,0,78,764.40656
6/14/2026 13:18,41735.164,43803.293,28.625734,23.96061,1.0192403,28.47214,8.532086,115.65139,180.21138,7.7944527,-57.411194,175.18521,0.02885241,22.528065,0.018,78,764.40656
6/14/2026 13:48,41491.51,43120.92,28.143087,24.101315,1.0187387,28.028599,8.114804,110.65745,172.28558,7.707059,-52.309036,182.5428,0.025844686,23.021624,0.027,78,764.40656
6/14/2026 14:18,39818.57,40901.773,26.55067,25.11391,1.0173706,26.586153,7.5936933,103.68699,161.26645,7.543203,-42.648315,185.67563,0.035748053,23.613451,0.027,78,764.40656
6/14/2026 14:48,37596.426,38213.586,24.631403,26.598272,1.0157715,24.83883,7.2236342,98.4895,153.03368,7.392553,-33.73146,186.42902,0.027558245,24.154438,0.036,78,764.40656
6/14/2026 15:18,36187.473,36548.453,23.450638,27.633873,1.0147897,23.756495,7.0551877,96.099396,149.2296,7.315184,-29.144287,177.51694,0.037311453,24.482891,0.045,78,764.40656
6/14/2026 15:48,35303.46,35471.992,22.691605,28.325834,1.0141426,23.056795,7.0050726,95.453316,148.15189,7.278718,-26.988983,195.06454,0.029434307,24.751253,0.045,78,764.40656
6/14/2026 16:18,34835.504,34815.3,22.231441,28.706345,1.013717,22.629946,6.96406,95.11045,147.54143,7.255203,-25.606155,175.5333,0.034767583,25.030384,0.054,78,764.40656
6/14/2026 16:48,34609.508,34473.195,21.99243,28.893795,1.0134866,22.407578,6.8099775,93.16719,144.47784,7.234178,-24.36161,171.24176,0.029170688,25.207022,0.054,78,764.40656
6/14/2026 17:18,34514.38,34298.004,21.870514,28.973433,1.0133597,22.293703,6.8706093,94.13408,145.94235,7.242602,-24.876595,155.73978,0.084355675,25.330297,0.054,78,764.40656
6/14/2026 17:48,33680.02,33577.5,21.36143,29.691195,1.0130266,21.825377,6.4929295,88.438614,137.15755,7.2210298,-23.57006,156.59808,0.030478235,25.159853,0.054,78,764.40656
6/14/2026 18:18,33382.33,33360.586,21.207535,29.955969,1.0129471,21.684381,6.0405293,82.02358,127.23933,7.2050304,-22.602081,132.30324,0.031334024,25.034124,0.054,78,764.40656
6/14/2026 18:48,33433.633,33947.277,21.608295,29.910002,1.0134819,22.06573,5.2351565,70.21911,109.096306,7.204083,-22.482872,168.25676,0.036465324,24.20782,0.045,78,764.40656
6/14/2026 19:18,39903.47,43300.836,28.208958,25.060478,1.019363,28.145544,7.9293523,104.09081,162.62202,7.86516,-61.268806,146.50821,1.259795,20.892166,0.009,78,764.40656
6/14/2026 19:48,39541.48,43816.883,28.545992,25.289898,1.019876,28.480974,8.5028,109.790985,171.78271,7.9026537,-63.266754,156.703,0.7283422,19.8914,0,78,764.40656
6/14/2026 20:18,39302.63,43796.496,28.520685,25.44359,1.019923,28.467722,8.47183,108.83841,170.35667,7.905811,-63.3955,144.9585,0.78730494,19.62786,0,78,764.40656
6/14/2026 20:48,39213.67,43786.336,28.509434,25.50131,1.0199383,28.461119,8.348394,107.05394,167.58627,7.8988614,-62.966347,150.671,1.089029,19.532393,0,78,764.40656
6/14/2026 21:18,39120.22,43815.293,28.52451,25.56223,1.0199853,28.47994,8.292332,106.06057,166.06465,7.8960557,-62.770844,143.21805,1.3388813,19.389736,0,78,764.40656
6/14/2026 21:48,38967.684,43704.33,28.441528,25.66229,1.0199379,28.407814,8.180086,104.4479,163.55429,7.8837066,-62.031746,138.23032,1.0372794,19.32569,0,78,764.40656
6/14/2026 22:18,39023.934,43891.53,28.571432,25.6253,1.0200694,28.529495,8.199432,104.51603,163.6911,7.881665,-61.883926,147.11856,1.1078029,19.193686,0,78,764.40656
6/14/2026 22:48,38690.26,43856.027,28.53006,25.846296,1.0201262,28.506418,8.184654,103.594124,162.32777,7.88435,-61.96499,150.3563,0.9698629,18.833027,0,78,764.40656
6/14/2026 23:18,38528.03,43847.52,28.515638,25.955128,1.0201601,28.500889,8.116416,102.36248,160.438,7.8776956,-61.535835,154.72412,1.0703998,18.64828,0,78,764.40656
6/14/2026 23:48,38541.99,43831.812,28.505785,25.94573,1.0201446,28.490679,7.5184584,94.87527,148.69624,7.8637447,-60.725212,177.79828,1.3778173,18.681435,0,78,764.40656
6/15/2026 0:18,38665.527,43858.566,28.530468,25.862831,1.0201344,28.508068,7.7955527,98.60943,154.52373,7.8420935,-59.480667,183.22945,1.0619254,18.800825,0,78,764.40656
6/15/2026 0:48,38777.54,43822.574,28.511993,25.788124,1.0200784,28.484673,7.372184,93.547066,146.55646,7.7954917,-56.78177,187.88815,0.4527823,18.97256,0,78,764.40656
6/15/2026 1:18,38978.918,43793.887,28.502886,25.654894,1.0200049,28.466026,6.793421,86.64001,135.68456,7.7190723,-52.347183,179.25262,0.17436288,19.243656,0,78,764.40656
6/15/2026 1:48,38956.164,43589.555,28.362997,25.669878,1.0198511,28.33321,6.274923,80.24843,125.64124,7.627192,-46.982765,185.55164,0.16917516,19.43477,0,78,764.40656
6/15/2026 2:18,38714.22,43090.707,28.012291,25.830303,1.0195225,28.00896,5.5999036,71.79929,112.37334,7.485833,-38.70964,175.5476,0.20614097,19.682486,0,78,764.40656
6/15/2026 2:48,37691.836,41629.22,26.972385,26.530945,1.0186403,27.058992,5.1256976,65.76365,102.87265,7.3671002,-31.766891,160.36511,0.039051183,20.048052,0,78,764.40656
6/15/2026 3:18,36767.652,40400.625,26.098835,27.19782,1.0179156,26.260408,4.6905785,60.144012,94.04831,7.275216,-26.378632,145.39719,0.04053571,20.291954,0,78,764.40656
6/15/2026 3:48,36049.76,39508.242,25.464535,27.739435,1.0174028,25.680359,4.39134,56.227566,87.907814,7.2188935,-23.069382,137.51508,0.04674399,20.41685,0,78,764.40656
6/15/2026 4:18,35591.71,38978.996,25.087925,28.09643,1.0171086,25.336348,4.0849676,52.22137,81.64034,7.1704063,-20.213127,128.19766,0.22905639,20.450245,0,78,764.40656
6/15/2026 4:48,35098.023,38420.367,24.690771,28.491632,1.0168017,24.97324,3.8079977,48.587112,75.956184,7.1238008,-17.466545,126.46675,0.25162047,20.472593,0,78,764.40656
6/15/2026 5:18,34660.82,37941.004,24.350069,28.851019,1.0165433,24.661654,3.5548604,45.267254,70.76614,7.084256,-15.134811,122.470856,0.38599885,20.47357,0,78,764.40656
6/15/2026 5:48,34234.414,37471.957,24.017347,29.210373,1.0162902,24.356773,3.3073738,42.03563,65.71389,7.05215,-13.241768,123.22903,0.040648386,20.476488,0,78,764.40656
6/15/2026 6:18,33916.715,37116.81,23.766012,29.483988,1.0160972,24.125925,3.0351439,38.52551,60.225693,7.0161586,-11.119843,111.36532,0.24390785,20.486029,0,78,764.40656
6/15/2026 6:48,33577.785,36743.78,23.502184,29.781595,1.0158967,23.88346,2.8702357,36.377735,56.8679,6.999987,-10.1614,116.1623,0.040145922,20.488789,0,78,764.40656
6/15/2026 7:18,33434.39,36568.582,23.379023,29.909323,1.0157973,23.769579,2.7060037,34.28668,53.597122,6.9729695,-8.664131,110.69775,0.21003264,20.512709,0,78,764.40656
6/15/2026 7:48,32405.441,35343.37,22.518896,30.859015,1.0151119,22.97319,2.6693327,33.7364,52.726215,6.9550185,-7.67231,107.19299,0.03912598,20.64789,0,78,764.40656
6/15/2026 8:18,38071.38,43115.508,27.996988,26.26645,1.01971,28.02508,7.3772388,93.15206,145.95717,7.725808,-52.6762,118.94226,0.4130942,18.874813,0,78,764.40656
6/15/2026 8:48,38274.38,43660.656,28.375751,26.127138,1.0200793,28.379427,7.594505,95.5052,149.71182,7.794156,-56.619644,159.08719,0.47693154,18.541004,0,78,764.40656
6/15/2026 9:18,38315.95,43817.477,28.483793,26.098793,1.020189,28.481361,7.6759377,96.38098,151.10779,7.8160343,-57.878494,156.48364,0.56158626,18.426414,0,78,764.40656
6/15/2026 9:48,38184.06,43830.086,28.484934,26.18894,1.0202308,28.489555,7.860369,98.37643,154.27116,7.8377175,-59.113503,162.11032,0.54002273,18.255693,0,78,764.40656
6/15/2026 10:18,38162.824,43894.074,28.526808,26.203512,1.0202845,28.531147,7.9932137,99.888695,156.66158,7.8542557,-60.06241,161.63348,0.31368777,18.16387,0,78,764.40656
6/15/2026 10:48,38066.41,43856.598,28.496101,26.269878,1.0202792,28.506788,8.06105,100.57094,157.74731,7.861862,-60.49156,169.59668,0.14737846,18.087671,0,78,764.40656
6/15/2026 11:18,38025.133,43859.316,28.495556,26.298395,1.020291,28.508556,8.004985,99.771545,156.50407,7.859356,-60.334206,161.75748,0.18011752,18.035582,0,78,764.40656
6/15/2026 11:48,38017.79,43818.6,28.467775,26.303476,1.020262,28.482092,8.045318,100.32181,157.36041,7.8605423,-60.4105,158.82016,0.07841724,18.068981,0,78,764.40656
6/15/2026 12:18,38306.215,43888.777,28.531313,26.105425,1.020246,28.527706,8.0735855,101.23676,158.7389,7.860802,-60.482025,175.64774,0.40020227,18.340424,0,78,764.40656
6/15/2026 12:48,38992.996,43884.863,28.56533,25.645632,1.0200721,28.525162,8.234967,104.905975,164.30865,7.862847,-60.772896,182.60956,0.03967353,19.163847,0,78,764.40656
6/15/2026 13:18,40470.395,43952.562,28.68041,24.709421,1.0197313,28.569166,8.550181,112.468895,175.72191,7.85989,-60.949326,171.39911,0.036062494,20.852062,0,78,764.40656
6/15/2026 13:48,41452.562,43844.34,28.644232,24.12396,1.0193594,28.498821,8.61169,115.9415,180.77824,7.843474,-60.243607,179.1048,0.032202143,22.143896,0.009,78,764.40656
6/15/2026 14:18,41991.31,43585.734,28.482855,23.814451,1.0189778,28.330729,8.251819,112.8735,175.7167,7.779651,-56.638718,176.18655,0.03324489,23.084743,0.018,78,764.40656
6/15/2026 14:48,41260.016,42182.344,27.4823,24.23654,1.0180049,27.418522,7.8697853,108.49532,168.67216,7.669894,-50.239563,184.48352,0.029709008,23.855223,0.027,78,764.40656
6/15/2026 15:18,38782.285,39204.79,25.346432,25.78497,1.0162296,25.483112,7.425411,102.15966,158.65425,7.50548,-40.512085,181.6225,0.060818385,24.435766,0.036,78,764.40656
6/15/2026 15:48,36732.23,36834.84,23.660122,27.224049,1.0148411,23.942646,7.140673,98.01645,152.10046,7.3882785,-33.55503,191.73622,0.030129587,24.854156,0.045,78,764.40656
6/15/2026 16:18,35695.605,35574.035,22.769955,28.014652,1.0140786,23.123121,6.983541,95.91772,148.75127,7.326542,-29.892921,176.98288,0.03377678,25.178923,0.054,78,764.40656
6/15/2026 16:48,34967,34717.074,22.166677,28.598392,1.0135684,22.5661,6.904049,94.82831,147.00531,7.29376,-27.947426,183.31052,0.03450985,25.376905,0.054,78,764.40656
6/15/2026 17:18,34693.215,34378.945,21.929419,28.82408,1.0133609,22.346315,6.825414,93.788155,145.36394,7.2765856,-26.926994,173.57826,0.036004923,25.478605,0.054,78,764.40656
6/15/2026 17:48,34972.594,34653.156,22.122902,28.593819,1.0135049,22.524551,6.6884356,92.0132,142.61179,7.2941513,-27.980804,183.99716,0.03130539,25.482622,0.063,78,764.40656
6/15/2026 18:18,34705.688,34376.035,21.927662,28.81372,1.0133526,22.344423,6.5905027,90.596375,140.41046,7.2894297,-27.69947,157.79019,0.031625144,25.502073,0.054,78,764.40656
6/15/2026 18:48,34265.7,34058.684,21.7018,29.183702,1.0132364,22.138144,6.2885637,86.058784,133.42583,7.282157,-27.246475,171.17978,0.038001817,25.318235,0.054,78,764.40656
6/15/2026 19:18,33907.73,33847.164,21.55013,29.4918,1.0131873,22.000658,6.1770916,84.129456,130.4912,7.258217,-25.792122,164.9332,0.036298502,25.09369,0.054,78,764.40656
6/15/2026 19:48,33134.82,33503.63,21.299814,30.179731,1.0131894,21.777359,4.804261,64.5724,100.28339,7.1857767,-21.40522,175.85278,0.029256247,24.423664,0.045,78,764.40656
6/15/2026 20:18,37999.633,43698.586,28.386045,26.316044,1.0201751,28.404081,7.9669447,99.49195,156.03767,7.854798,-60.095787,143.32294,0.14340918,18.171986,0,78,764.40656
6/15/2026 20:48,38030.85,43836.004,28.480217,26.294441,1.020272,28.493404,8.128452,101.36116,158.99118,7.8822393,-61.678886,155.11035,0.2803481,18.066551,0,78,764.40656
6/15/2026 21:18,38049.85,43859.016,28.496778,26.281311,1.0202849,28.50836,8.076236,100.717896,157.98244,7.879716,-61.531067,141.387,0.35571492,18.065401,0,78,764.40656
6/15/2026 21:48,37951.773,43801.66,28.452589,26.34923,1.0202647,28.471079,8.030543,100.01075,156.88501,7.8796797,-61.51676,144.62471,0.48057947,18.007647,0,78,764.40656
6/15/2026 22:18,37956.344,43856.895,28.48995,26.346058,1.0203054,28.50698,8.026352,99.88186,156.69331,7.878643,-61.445236,135.86044,0.38886762,17.955969,0,78,764.40656
6/15/2026 22:48,37954.59,43889.91,28.512018,26.347275,1.0203309,28.528442,7.989585,99.36834,155.89505,7.8736343,-61.14483,152.25888,0.20754656,17.919792,0,78,764.40656
6/15/2026 23:18,38067.477,44043.83,28.621977,26.269144,1.0204206,28.628489,7.782711,96.81464,151.89334,7.8550386,-60.05287,160.75134,0.61075985,17.895758,0,78,764.40656
6/15/2026 23:48,38037.46,44110.99,28.665302,26.289873,1.0204781,28.672142,7.8061895,96.9368,152.10551,7.856142,-60.095787,174.75128,0.2932994,17.791237,0,78,764.40656
6/16/2026 0:18,37985.895,44108.31,28.660435,26.325562,1.020488,28.670403,7.79433,96.67794,151.7107,7.8530836,-59.905052,177.95087,0.4173295,17.73277,0,78,764.40656
6/16/2026 0:48,37963.418,44128.527,28.672659,26.341148,1.0205084,28.683542,7.6480117,94.78348,148.74684,7.839453,-59.099197,183.5394,0.431585,17.685442,0,78,764.40656
6/16/2026 1:18,37898.223,44157.05,28.687849,26.386461,1.0205449,28.702084,7.4517145,92.16984,144.66476,7.8163023,-57.725906,172.8964,0.22721715,17.579046,0,78,764.40656
6/16/2026 1:48,37802.832,44204.438,28.713749,26.453045,1.0206019,28.732883,6.961699,85.85425,134.77959,7.756543,-54.20685,168.04218,0.037014764,17.417896,0,78,764.40656
6/16/2026 2:18,37724.125,44256.28,28.74352,26.508236,1.0206583,28.766582,6.515715,80.14219,125.835396,7.696835,-50.697327,149.67441,0.035599712,17.272337,0,78,764.40656
6/16/2026 2:48,37510.28,44141.67,28.65352,26.659357,1.0206208,28.692087,6.0297513,73.926414,116.09552,7.5953293,-44.755936,133.21399,0.034102302,17.134571,0,78,764.40656
6/16/2026 3:18,36843.316,43169.492,27.963524,27.141964,1.020049,28.06017,5.6306653,69.00504,108.34088,7.4795623,-38.03253,112.62417,0.037551895,17.327606,0,78,764.40656
6/16/2026 3:48,35779.734,41626.52,26.872114,27.948782,1.0191422,27.057238,5.204844,63.761364,100.06781,7.364453,-31.352043,110.8551,0.033914417,17.64617,0,78,764.40656
6/16/2026 4:18,35113.043,40658.645,26.190046,28.479446,1.0185726,26.428118,4.9063616,60.10595,94.30526,7.293564,-27.23217,105.929375,0.039291583,17.858946,0,78,764.40656
6/16/2026 4:48,34626.547,40115.473,25.801851,28.879576,1.0182816,26.075058,4.6925178,57.327023,89.947784,7.248068,-24.571419,114.02607,0.03576612,17.836222,0,78,764.40656
6/16/2026 5:18,34239.547,39733.27,25.52665,29.205994,1.0180888,25.826626,4.4773726,54.52876,85.565506,7.210141,-22.349358,96.24004,0.04069458,17.760992,0,78,764.40656
6/16/2026 5:48,33915.65,39423.965,25.3036,29.484915,1.0179359,25.625578,4.309391,52.33512,82.1313,7.182973,-20.756721,99.96414,0.037086606,17.684814,0,78,764.40656
6/16/2026 6:18,33573.324,39085.59,25.060549,29.785553,1.0177661,25.405634,4.1562862,50.33477,78.99897,7.1570888,-19.24038,97.74208,0.03496788,17.616198,0,78,764.40656
6/16/2026 6:48,33199.695,38666.695,24.762943,30.120758,1.0175432,25.133352,3.9952743,48.280746,75.777054,7.128608,-17.576218,100.278854,0.03278268,17.597494,0,78,764.40656
6/16/2026 7:18,33199.344,38662.68,24.760267,30.121077,1.0175403,25.130741,3.9009993,47.144558,73.99339,7.120928,-17.12799,110.263824,0.03837825,17.601688,0,78,764.40656
6/16/2026 7:48,32862.688,38212.98,24.444904,30.429647,1.0172843,24.838436,4.0029106,48.34835,75.876205,7.1095104,-16.465187,117.42115,0.034447186,17.669506,0,78,764.40656
6/16/2026 8:18,32656.32,37798.004,24.16003,30.621944,1.0170199,24.568703,4.0328064,48.823776,76.601814,7.0979676,-15.802383,122.92385,0.030953396,17.877981,0,78,764.40656
6/16/2026 8:48,32853.684,37910.75,24.24507,30.437986,1.0170531,24.641987,4.050473,49.19431,77.169365,7.110643,-16.551018,142.6506,0.03348499,18.01602,0,78,764.40656
6/16/2026 9:18,36725.773,41827.77,27.059237,27.228834,1.019058,27.18805,7.150075,89.335556,140.0267,7.587449,-44.522285,111.26518,0.030673282,18.613808,0,78,764.40656
6/16/2026 9:48,38083.9,44125.496,28.67778,26.257816,1.0204782,28.681574,8.117638,100.89,158.30035,7.854286,-59.99565,140.7814,0.04086702,17.831491,0,78,764.40656
6/16/2026 10:18,38228.34,44264.91,28.779928,26.158604,1.0205495,28.772192,8.294538,103.208725,161.93257,7.8776026,-61.364174,148.53955,1.0403565,17.860016,0,78,764.40656
6/16/2026 10:48,38291.01,44212.1,28.748096,26.11579,1.020495,28.737867,8.41734,104.97479,164.67616,7.888884,-62.05082,152.82153,0.038751546,17.98824,0,78,764.40656
6/16/2026 11:18,38330.24,44219.535,28.755375,26.089064,1.0204914,28.742699,8.462531,105.62147,165.68227,7.8975496,-62.565804,147.6574,0.08523531,18.027058,0,78,764.40656
6/16/2026 11:48,38266.832,44175.883,28.722342,26.132292,1.0204734,28.714323,8.477443,105.72523,165.85155,7.901739,-62.804222,151.31473,0.23373502,17.99676,0,78,764.40656
6/16/2026 12:18,38496.934,44209.87,28.758411,25.976095,1.0204445,28.736418,8.485967,106.33718,166.75966,7.9051,-63.052177,159.43527,0.13943659,18.234392,0,78,764.40656
6/16/2026 12:48,38647.53,44209.562,28.766642,25.874874,1.020408,28.736216,8.494095,106.80763,167.45782,7.902811,-62.95681,170.08304,0.07093312,18.413055,0,78,764.40656
6/16/2026 13:18,38889.816,44213.65,28.782667,25.713673,1.0203522,28.738873,8.566671,108.31083,169.75029,7.9037223,-63.07125,169.10553,0.43481213,18.695732,0,78,764.40656
6/16/2026 13:48,39439.61,44225.14,28.819101,25.35522,1.0202231,28.746342,8.626995,110.42003,172.90385,7.9012094,-63.061714,172.79147,0.0350932,19.334639,0,78,764.40656
6/16/2026 14:18,40650.734,44339.656,28.954178,24.599802,1.0199933,28.820776,8.770877,115.11742,179.91664,7.893595,-62.89482,171.57555,0.031187626,20.644142,0,78,764.40656
6/16/2026 14:48,41610.445,44375.215,29.017994,24.032427,1.0197524,28.84389,8.77823,117.57791,183.45021,7.879737,-62.30831,169.89708,1.2834988,21.737991,0.009,78,764.40656
6/16/2026 15:18,42209.867,44312.984,28.996738,23.691143,1.0195247,28.80344,8.451068,114.77373,178.84766,7.8283854,-59.423447,158.17642,0.032010972,22.515156,0.018,78,764.40656
6/16/2026 15:48,41666.65,43414.535,28.35307,24.000011,1.0189333,28.219448,8.100422,110.34104,171.83102,7.7354355,-53.973198,157.67097,0.024415554,22.892126,0.018,78,764.40656
6/16/2026 16:18,39604.164,40939.67,26.570654,25.24987,1.0174757,26.610786,7.616691,103.42209,160.94534,7.576819,-44.603348,160.79903,0.035043273,23.292078,0.018,78,764.40656
6/16/2026 16:48,37631.25,38719.63,24.981058,26.573658,1.0162108,25.167759,7.273477,98.27326,152.86942,7.45177,-37.18853,170.57895,0.030481214,23.528315,0.027,78,764.40656
6/16/2026 17:18,36385.582,37293.523,23.96721,27.483414,1.0153918,24.24079,7.038337,94.87506,147.53172,7.378573,-32.84931,165.96794,0.03988212,23.72535,0.036,78,764.40656
6/16/2026 17:48,35661.32,36477.13,23.388887,28.041586,1.0149274,23.710135,6.820322,91.80028,142.72394,7.32953,-29.935837,175.17566,0.030212319,23.829063,0.036,78,764.40656
6/16/2026 18:18,35418.51,36188.48,23.185162,28.233824,1.0147582,23.522512,6.6230316,89.13072,138.55933,7.3126464,-28.934479,182.30914,0.034306087,23.88604,0.036,78,764.40656
6/16/2026 18:48,34968.934,35751.484,22.875103,28.596811,1.0145336,23.238466,6.263259,84.09141,130.73296,7.278242,-26.87931,183.99239,0.03468456,23.853998,0.036,78,764.40656
6/16/2026 19:18,35099.88,35922.996,22.995583,28.490128,1.0146394,23.349949,5.8945913,79.12084,123.01725,7.3294983,-29.931068,164.56128,0.035264608,23.800346,0.036,78,764.40656
6/16/2026 19:48,34629.13,35528.668,22.714413,28.877422,1.0144625,23.093634,5.8193088,77.8096,121.00576,7.260356,-25.79689,184.67426,0.034065228,23.674416,0.027,78,764.40656
6/16/2026 20:18,34444.77,35433.82,22.645008,29.031984,1.0144477,23.031984,5.554112,74.05443,115.19362,7.256152,-25.53463,186.61975,0.03449991,23.538607,0.027,78,764.40656
6/16/2026 20:48,33668.05,35362.434,22.574734,29.70175,1.0146782,22.98558,4.5076375,58.95498,91.870995,7.1877165,-21.381378,177.70767,0.033862453,22.491371,0.027,77,764.40656
6/16/2026 21:18,38813.027,43852.707,28.534258,25.764545,1.0200927,28.50426,7.8026614,99.04242,155.16357,7.8400793,-59.399605,167.44138,0.88996637,18.983093,0,77,764.40656
6/16/2026 21:48,38987.508,44170.223,28.758486,25.64924,1.0202945,28.710646,8.167405,103.56328,162.27415,7.889143,-62.25109,165.46725,0.933366,18.856804,0,77,764.40656
6/16/2026 22:18,38958.938,44223.664,28.793152,25.66805,1.0203428,28.745382,8.237807,104.30036,163.44908,7.9056554,-63.199997,176.62524,0.7575366,18.767132,0,77,764.40656
6/16/2026 22:48,38967.06,44204.535,28.780642,25.662703,1.020326,28.732948,8.171358,103.509254,162.20279,7.8973317,-62.71839,187.16812,0.77209336,18.796713,0,77,764.40656
6/16/2026 23:18,38900.664,44198.305,28.772861,25.706503,1.0203377,28.728897,8.11678,102.67275,160.90773,7.890112,-62.2797,183.38203,0.9126294,18.72457,0,77,764.40656
6/16/2026 23:48,38780.117,44153.64,28.736147,25.78641,1.020333,28.699867,8.035495,101.43684,158.99147,7.8758144,-61.421394,181.33163,1.2342849,18.628242,0,77,764.40656
6/17/2026 0:18,38701.77,44166.992,28.740894,25.838612,1.0203623,28.708544,7.9673767,100.375916,157.35117,7.8722095,-61.187744,177.98424,1.2784492,18.52147,0,77,764.40656
6/17/2026 0:48,38575.91,44124.69,28.70539,25.922915,1.0203606,28.68105,7.943475,99.852936,156.55333,7.8668046,-60.84919,180.66406,0.8506475,18.41611,0,77,764.40656
6/17/2026 1:18,38566.508,44160.703,28.729164,25.929234,1.0203903,28.704456,7.9235682,99.52496,156.04916,7.8641267,-60.682297,182.79076,1.2493371,18.367636,0,77,764.40656
6/17/2026 1:48,38520.76,44124.188,28.701984,25.960026,1.0203736,28.680721,7.754748,97.35813,152.65504,7.8483014,-59.752464,195.83702,1.0959096,18.351194,0,77,764.40656
6/17/2026 2:18,38486.598,44171.516,28.731972,25.98307,1.0204179,28.711485,7.4463186,93.343315,146.37723,7.816267,-57.85942,195.98007,0.7632675,18.26173,0,77,764.40656
6/17/2026 2:48,38417.535,44193.367,28.742775,26.02978,1.0204508,28.725689,6.902195,86.3555,135.43782,7.7537775,-54.183006,190.13405,0.16371565,18.157356,0,77,764.40656
6/17/2026 3:18,38349.316,44224.832,28.760038,26.076084,1.0204909,28.746141,6.345573,79.227875,124.27738,7.6745534,-49.529076,160.75134,0.16395041,18.04421,0,77,764.40656
6/17/2026 3:48,38189.82,44118.09,28.679008,26.184988,1.0204477,28.67676,5.791527,72.16508,113.210304,7.57177,-43.506622,145.78342,0.07673683,17.964777,0,77,764.40656
6/17/2026 4:18,37518.973,43196.94,28.021769,26.653181,1.0199099,28.078012,5.4280205,67.56799,105.9774,7.46369,-37.207603,123.319626,0.050468806,18.118128,0,77,764.40656
6/17/2026 4:48,35951.25,41179.992,26.583895,27.815445,1.0187578,26.766994,4.9206533,61.000046,95.646355,7.333666,-29.625893,114.917755,0.036821663,18.352207,0,77,764.40656
6/17/2026 5:18,34939.06,39904.844,25.678703,28.621264,1.0180368,25.93815,4.561961,56.391293,88.40438,7.2521806,-24.867058,104.289055,0.10207895,18.484781,0,77,764.40656
6/17/2026 5:48,34340.758,39255.45,25.21493,29.119917,1.0176929,25.516043,4.353024,53.618896,84.06254,7.2084293,-22.301674,107.69844,0.030483702,18.445148,0,77,764.40656
6/17/2026 6:18,34154.7,39095.03,25.09854,29.278547,1.0176185,25.41177,4.1810894,51.404713,80.59775,7.1813064,-20.709038,103.11127,0.03490715,18.383911,0,77,764.40656
6/17/2026 6:48,33993.15,38945.496,24.99073,29.417692,1.017546,25.314573,4.087221,50.178062,78.678825,7.162703,-19.61708,102.415085,0.032520372,18.342354,0,77,764.40656
6/17/2026 7:18,33824.863,38706.28,24.823093,29.56405,1.0174056,25.159082,4.0350327,49.540005,77.6727,7.1393476,-18.253326,106.11057,0.3191138,18.397154,0,77,764.40656
6/17/2026 7:48,33748.363,38502.75,24.683985,29.631067,1.0172675,25.026789,4.015844,49.394047,77.42963,7.1293507,-17.676353,124.49741,0.034520816,18.534986,0,77,764.40656
6/17/2026 8:18,33886.297,38513.08,24.697834,29.510454,1.0172368,25.0335,4.0559316,50.059044,78.45355,7.130308,-17.74311,130.85365,0.036856633,18.71019,0,77,764.40656
6/17/2026 8:48,33840.81,38242.46,24.51545,29.550121,1.0170356,24.857601,4.1413126,51.315327,80.39354,7.122801,-17.318726,146.8706,0.029360233,18.973894,0,77,764.40656
6/17/2026 9:18,34095.41,38030.246,24.385723,29.32946,1.0167904,24.71966,4.495153,56.304077,88.13422,7.1214566,-17.27581,153.23163,0.039511174,19.582935,0,77,764.40656
6/17/2026 9:48,33150.305,36660.934,23.429207,30.165636,1.0159657,23.829607,4.593856,57.652622,90.19283,7.100721,-16.078949,162.32968,5.4059863,19.986418,0,77,764.40656
6/17/2026 10:18,39243.297,43184.074,28.100416,25.48206,1.0194534,28.069649,8.398994,108.83237,170.20068,7.8147593,-58.15983,157.1846,0.030365184,20.222235,0.009,77,764.40656
6/17/2026 10:48,39423.69,43852.543,28.5647,25.365458,1.0199353,28.504154,8.557278,110.13838,172.3706,7.883528,-62.10327,162.84943,0.034373403,19.712347,0,77,764.40656
6/17/2026 11:18,39582.73,44003.156,28.674988,25.263542,1.0200121,28.602053,8.739875,112.62133,176.24942,7.906126,-63.438416,165.25269,0.033695064,19.74047,0.009,77,764.40656
6/17/2026 11:48,39771.09,44064.812,28.726023,25.143892,1.0200111,28.642128,8.78933,113.62638,177.78192,7.918266,-64.18705,176.59665,0.02790528,19.898373,0,77,764.40656
6/17/2026 12:18,39879.42,44099.348,28.754694,25.07559,1.0200098,28.664576,8.968377,116.15843,181.71948,7.936069,-65.255165,179.40521,0.032252878,19.989985,0,77,764.40656
6/17/2026 12:48,39598.477,44081.71,28.729296,25.253496,1.0200698,28.653112,8.927407,114.93474,179.88663,7.9383955,-65.32192,166.2302,0.036423683,19.675245,0,77,764.40656
6/17/2026 13:18,39244.113,44081.953,28.711912,25.48153,1.0201614,28.653269,8.787785,112.236565,175.76807,7.9240794,-64.38732,150.1608,0.040372256,19.254108,0,77,764.40656
6/17/2026 13:48,39460.12,44059.97,28.70774,25.342041,1.0200889,28.638979,8.691959,111.59443,174.69371,7.9183254,-64.110756,173.05374,0.039686896,19.534044,0,77,764.40656
6/17/2026 14:18,39822.062,44122.598,28.767887,25.111708,1.0200434,28.67969,8.726048,112.83341,176.54153,7.9185953,-64.20612,185.67085,0.11053228,19.896967,0,77,764.40656
6/17/2026 14:48,40362.523,44138.53,28.803457,24.775457,1.0199108,28.690046,8.831451,115.547356,180.62201,7.919592,-64.40163,185.30368,0.041027028,20.520994,0,77,764.40656
6/17/2026 15:18,41669.098,44271.492,28.948357,23.9986,1.0196499,28.77647,8.9209585,119.83932,186.92316,7.9080486,-64.024925,180.88818,0.03596262,21.922375,0,77,764.40656
6/17/2026 15:48,42665.516,44253.76,28.97074,23.438133,1.0193365,28.764944,8.85671,121.567474,189.23935,7.8902135,-63.22384,184.85547,0.030780949,23.12097,0.018,77,764.40656
6/17/2026 16:18,43233.168,44170.027,28.929573,23.130388,1.0190873,28.71052,8.368178,116.39923,180.94884,7.8226357,-59.35669,176.45358,0.031899963,23.889511,0.036,77,764.40656
6/17/2026 16:48,42663.83,43486.266,28.43366,23.43906,1.0186784,28.266073,7.8289275,108.81793,169.12654,7.7241106,-53.50113,170.97473,0.029279927,24.009811,0.036,77,764.40656
6/17/2026 17:18,40550.117,41286.46,26.838373,24.660841,1.0174594,26.8362,7.197579,99.22922,154.20782,7.552658,-43.27774,164.51836,0.035137855,24.066233,0.036,77,764.40656
6/17/2026 17:48,38223.05,38854.41,25.089834,26.162224,1.0161182,25.255367,6.717445,91.82033,142.6724,7.41197,-34.890175,175.82416,0.032403138,24.149248,0.036,77,764.40656
6/17/2026 18:18,37026.824,37646.78,24.226463,27.007446,1.0154712,24.470407,6.41471,87.23212,135.54597,7.3393116,-30.550957,181.97537,0.0369558,24.137815,0.036,77,764.40656
6/17/2026 18:48,36176.566,36849.043,23.656843,27.642202,1.0150688,23.951878,6.0866704,82.36559,128.00583,7.2866616,-27.399063,185.89973,0.034508128,24.044529,0.036,77,764.40656
6/17/2026 19:18,35690.484,36434.035,23.360117,28.018673,1.0148772,23.682121,5.726518,77.20541,120.01083,7.247513,-25.053024,171.5374,0.07052984,23.93151,0.036,77,764.40656
6/17/2026 19:48,35292.13,36136.395,23.146334,28.33493,1.0147593,23.488657,5.2761555,70.85144,110.16464,7.2241416,-23.646355,188.50803,0.03958539,23.776789,0.027,77,764.40656
6/17/2026 20:18,35074.098,36058.953,23.087776,28.511068,1.0147725,23.43832,4.8437176,64.78347,100.76679,7.1980104,-22.072792,185.68515,0.040783767,23.570032,0.027,77,764.40656
6/17/2026 20:48,34483.32,35622.133,22.774258,28.999527,1.0146035,23.154387,4.613203,61.32125,95.422386,7.170124,-20.394325,183.21515,0.036300763,23.326218,0.027,77,764.40656
6/17/2026 21:18,34353.125,35640.363,22.783096,29.109434,1.0146693,23.166235,4.2689576,56.527493,87.99596,7.1579523,-19.655228,178.6232,0.04883483,23.109034,0.036,77,764.40656
6/17/2026 21:48,35518.785,37845.47,24.317669,28.154116,1.0161828,24.599556,4.4402847,57.911716,90.35016,7.250011,-25.019646,155.73502,0.10391878,21.78123,0.018,77,764.40656
6/17/2026 22:18,39282.844,43868.473,28.568705,25.456406,1.0199847,28.514507,7.786381,99.87247,156.34529,7.8411984,-59.576035,173.31123,1.2403934,19.527159,0,77,764.40656
6/17/2026 22:48,39139.008,44000.562,28.651299,25.549957,1.020125,28.600367,8.024728,102.37912,160.3395,7.870949,-61.25927,162.60623,1.0068462,19.215263,0,77,764.40656
6/17/2026 23:18,39020.64,44015.28,28.655214,25.627462,1.0201665,28.609934,8.08894,102.897194,161.1858,7.879389,-61.7218,149.74118,0.8649411,19.058893,0,77,764.40656
6/17/2026 23:48,38913.35,43940.516,28.598972,25.69812,1.0201355,28.561335,8.028467,101.99983,159.79085,7.8756638,-61.49292,166.42093,0.66175514,19.01003,0,77,764.40656
6/18/2026 0:18,38936.945,44033.445,28.663166,25.682549,1.0202016,28.62174,7.98196,101.31408,158.7318,7.875508,-61.469078,183.97809,1.0224904,18.940233,0,77,764.40656
6/18/2026 0:48,38792.59,44087.984,28.692429,25.778118,1.0202795,28.65719,8.005308,101.1891,158.58534,7.877468,-61.535835,168.87665,0.70631343,18.711533,0,77,764.40656
6/18/2026 1:18,38786.77,44094.42,28.696459,25.781988,1.020286,28.661375,7.9392004,100.32997,157.2418,7.875727,-61.43093,156.22617,0.9153059,18.697899,0,77,764.40656
6/18/2026 1:48,38798.867,44102.777,28.702772,25.773949,1.0202893,28.666805,7.832395,98.99465,155.14786,7.859679,-60.49156,176.44406,0.69864255,18.703533,0,77,764.40656
6/18/2026 2:18,38774.055,44133.445,28.72217,25.790442,1.020319,28.686739,7.828073,98.83609,154.91219,7.859164,-60.448647,196.62857,0.9032112,18.642092,0,77,764.40656
6/18/2026 2:48,38816.312,44159.82,28.74229,25.762365,1.0203289,28.703884,7.637121,96.47821,151.21193,7.841021,-59.390068,204.50592,0.74959606,18.664719,0,77,764.40656
6/18/2026 3:18,38834.477,44179.18,28.75636,25.750315,1.0203394,28.716467,7.314718,92.41554,144.84416,7.8042383,-57.234764,195.0693,0.40497753,18.666079,0,77,764.40656
6/18/2026 3:48,38806.773,44156.69,28.739656,25.768698,1.0203288,28.701849,6.7991643,85.87796,134.59943,7.7395806,-53.44391,192.72327,0.05984919,18.656672,0,77,764.40656
6/18/2026 4:18,38813.73,44138.703,28.727861,25.764078,1.0203133,28.690157,6.2651496,79.16803,124.078186,7.6609,-48.83766,172.50061,0.07124126,18.683676,0,77,764.40656
6/18/2026 4:48,38748.965,43985.87,28.621017,25.80714,1.0202117,28.590816,5.5780797,70.55183,110.56184,7.5345063,-41.441917,143.14175,0.040811032,18.766552,0,77,764.40656
6/18/2026 5:18,38200.28,43175.586,28.044271,26.177818,1.0197235,28.06413,5.155317,65.22766,102.190414,7.428678,-35.262108,120.34416,0.08229304,18.966795,0,77,764.40656
6/18/2026 5:48,36779.46,41345.668,26.737747,27.189089,1.0186676,26.874685,4.5891943,57.88919,90.661964,7.2981386,-27.627945,105.50022,0.034069728,19.217813,0,77,764.40656
6/18/2026 6:18,35682.5,39944.875,25.742464,28.024942,1.0178628,25.964169,4.1797004,52.60691,82.366684,7.216016,-22.821426,105.60989,0.03733555,19.413275,0,77,764.40656
6/18/2026 6:48,35155.086,39314.44,25.294493,28.445387,1.0175107,25.554388,3.9677956,49.852116,78.04827,7.1756225,-20.451546,105.82924,0.03405651,19.460884,0,77,764.40656
6/18/2026 7:18,34902.73,39005.535,25.075634,28.651054,1.0173365,25.3536,3.7766886,47.418095,74.23423,7.143616,-18.572807,102.98252,0.39186576,19.492924,0,77,764.40656
6/18/2026 7:48,34813.492,38894.77,24.997274,28.724495,1.0172738,25.2816,3.6406207,45.69996,71.54309,7.1288357,-17.704964,107.483864,0.034916434,19.506218,0,77,764.40656
6/18/2026 8:18,34654.883,38688.734,24.851936,28.855963,1.0171548,25.147676,3.5045328,43.98279,68.85147,7.1060038,-16.365051,111.756325,0.039366998,19.54114,0,77,764.40656
6/18/2026 8:48,34505.586,38488.473,24.710978,28.980814,1.0170377,25.017508,3.391471,42.561157,66.62214,7.091446,-15.511513,120.100975,0.033901595,19.582062,0,77,764.40656
6/18/2026 9:18,34545.625,38504.305,24.723394,28.947226,1.0170385,25.027798,3.270835,41.077488,64.29651,7.083223,-15.029907,122.55669,0.04027381,19.617207,0,77,764.40656
6/18/2026 9:48,34354.027,38252.96,24.546406,29.10867,1.0168928,24.864426,3.2245266,40.488934,63.37108,7.074506,-14.519691,128.03555,0.032971896,19.66361,0,77,764.40656
6/18/2026 10:18,33838.984,37579.812,24.073044,29.551714,1.0165029,24.426878,3.251464,40.80874,63.860218,7.058838,-13.604164,118.522644,0.03238264,19.788294,0,77,764.40656
6/18/2026 10:48,38554.785,43685.652,28.407656,25.937119,1.0200287,28.395676,7.750327,98.05818,153.64944,7.773696,-55.480003,142.60292,1.1823874,18.8508,0,77,764.40656
6/18/2026 11:18,38731.85,44102.215,28.698767,25.818544,1.0203054,28.666441,7.84788,99.03947,155.2346,7.8139796,-57.797432,160.84195,1.3446405,18.624565,0,77,764.40656
6/18/2026 11:48,38725.242,44050.645,28.663548,25.82295,1.0202675,28.63292,7.9058633,99.8372,156.4753,7.8223677,-58.29811,169.76834,1.4764639,18.670538,0,77,764.40656
6/18/2026 12:18,38746.098,44105.062,28.701462,25.809052,1.020304,28.668291,7.9631987,100.52295,157.55685,7.8328114,-58.903694,181.45561,1.6509088,18.638506,0,77,764.40656
6/18/2026 12:48,38779.535,44074.633,28.682697,25.786797,1.0202725,28.648512,7.8805504,99.60356,156.1008,7.816864,-57.9834,195.83702,1.8210375,18.709982,0,77,764.40656
6/18/2026 13:18,38754.54,44137.223,28.72366,25.803429,1.0203266,28.689196,7.9794827,100.696915,157.83453,7.8429027,-59.490204,191.92218,1.5828118,18.615007,0,77,764.40656
6/18/2026 13:48,38758.016,44099.17,28.69813,25.801115,1.0202967,28.664463,7.985859,100.84579,158.05856,7.8390884,-59.275627,200.67691,1.6061397,18.658798,0,77,764.40656
6/18/2026 14:18,38752.246,44056.363,28.668877,25.804956,1.0202652,28.636637,8.059997,101.83737,159.60455,7.8612494,-60.58216,207.19528,1.518964,18.696657,0,77,764.40656
6/18/2026 14:48,38850.176,44014.633,28.64586,25.73991,1.0202087,28.60951,8.049775,102.003204,159.82968,7.8627157,-60.70137,212.93164,1.5377878,18.856804,0,77,764.40656
6/18/2026 15:18,38975.14,44025.656,28.659885,25.657381,1.020186,28.616676,7.991763,101.539215,159.0728,7.8613358,-60.64892,202.81314,1.8068982,18.993847,0,77,764.40656
6/18/2026 15:48,39365.1,44044.52,28.69253,25.403212,1.0201012,28.628939,8.121643,104.07449,162.94395,7.860012,-60.663223,221.09032,1.1837686,19.437546,0,77,764.40656
6/18/2026 16:18,40065.44,44056.746,28.734125,24.959166,1.0199261,28.636887,8.263237,107.54323,168.17601,7.855915,-60.591698,219.89822,0.6662851,20.256824,0,77,764.40656
6/18/2026 16:48,40882.28,44093.6,28.7946,24.460474,1.01973,28.660841,8.318375,110.1655,172.03444,7.836047,-59.609413,220.54672,0.47693217,21.186932,0,77,764.40656
6/18/2026 17:18,41354.105,43998.38,28.747318,24.181396,1.0195162,28.598948,8.229999,110.29071,172.04854,7.7998834,-57.60193,200.52432,0.51233375,21.853436,0.009,77,764.40656
6/18/2026 17:48,40975.402,43488.773,28.38053,24.404886,1.0192059,28.267702,7.788638,104.380196,162.79665,7.7171803,-52.723885,199.46098,0.45051208,21.97416,0.009,77,764.40656
6/18/2026 18:18,39714.582,42064.414,27.351261,25.179668,1.0183992,27.34187,7.141452,95.308846,148.62407,7.5783787,-44.51275,186.80573,0.3822226,22.075254,0.018,77,764.40656
6/18/2026 18:48,37692.453,39962.574,25.836325,26.53051,1.0172664,25.975674,6.532921,86.34518,134.65701,7.4209204,-35.17151,185.85205,0.06844772,22.025856,0.018,77,764.40656
6/18/2026 19:18,36760.26,39042.348,25.175165,27.203289,1.0167893,25.377527,6.1776476,81.20882,126.66447,7.3433647,-30.565262,170.91751,0.15642807,21.939709,0.009,77,764.40656
6/18/2026 19:48,36298.363,38625.402,24.874983,27.549452,1.0165871,25.10651,5.892705,77.1955,120.42299,7.3007884,-28.033257,190.3677,0.05461111,21.84574,0.018,77,764.40656
6/18/2026 20:18,35925.88,38318.438,24.653156,27.835089,1.0164497,24.906986,5.596693,73.06981,114.00803,7.2720656,-26.321411,189.04686,0.3326635,21.730951,0.009,77,764.40656
6/18/2026 20:48,35681.883,38156.094,24.534264,28.025427,1.0163927,24.801462,5.327373,69.34559,108.218994,7.246558,-24.8003,197.49641,0.051549893,21.605,0.009,77,764.40656
6/18/2026 21:18,35464.113,38019.03,24.4335,28.19752,1.0163487,24.71237,5.049361,65.539635,102.29949,7.221509,-23.3078,190.39154,0.15048043,21.48162,0.009,77,764.40656
6/18/2026 21:48,35350.844,37978.637,24.402021,28.287868,1.0163518,24.686115,4.841774,62.713593,97.90444,7.2112484,-22.69268,204.95415,0.10236152,21.377417,0.009,77,764.40656
6/18/2026 22:18,35196.55,37905.652,24.346958,28.411875,1.016341,24.638676,4.6082807,59.539295,92.96627,7.197129,-21.848679,199.96643,0.2759977,21.258137,0.009,77,764.40656
6/18/2026 22:48,36180.285,39894,25.730776,27.639362,1.0176778,25.9311,5.65336,72.10883,112.78541,7.3973174,-33.55503,156.09265,0.33528814,20.1262,0,77,764.40656
6/18/2026 23:18,38872.324,43831.33,28.522837,25.725243,1.0200613,28.490362,7.419929,94.34392,147.78372,7.795066,-56.777,182.04689,1.1954254,19.076527,0,77,764.40656
6/18/2026 23:48,39028.688,43974.777,28.628153,25.622179,1.020133,28.583605,7.478335,95.20841,149.13074,7.8237114,-58.465004,203.26614,1.2782513,19.111225,0,77,764.40656
6/19/2026 0:18,39002.273,44023.582,28.65989,25.63953,1.0201775,28.61533,7.4422936,94.61939,148.2251,7.823588,-58.441162,215.53993,1.5139041,19.028297,0,77,764.40656
6/19/2026 0:48,38973.047,44033.223,28.664902,25.658758,1.0201923,28.621595,7.4128747,94.168434,147.52774,7.818864,-58.15506,229.93564,1.3941038,18.98339,0,77,764.40656
6/19/2026 1:18,38951.844,44033.867,28.664232,25.672726,1.0201981,28.622013,7.379499,93.69816,146.79623,7.8161883,-57.992935,215.10602,1.2146084,18.957502,0,77,764.40656
6/19/2026 1:48,38849.47,44027.51,28.654541,25.740377,1.0202188,28.617882,7.3719707,93.39387,146.34251,7.8198304,-58.18367,239.53915,1.4059107,18.842447,0,77,764.40656
6/19/2026 2:18,38803.977,44049.05,28.666704,25.770555,1.0202467,28.631884,7.3125134,92.51302,144.97739,7.8170004,-58.002472,239.9397,1.2640486,18.765783,0,77,764.40656
6/19/2026 2:48,38714.883,44047.16,28.660635,25.82986,1.0202672,28.630653,7.34425,92.72829,145.33514,7.818573,-58.073997,248.70395,1.5348892,18.661867,0,77,764.40656
6/19/2026 3:18,38643.785,44048.14,28.65744,25.877382,1.0202855,28.631292,7.2908187,91.90238,144.0573,7.8090963,-57.501793,234.48944,1.4839112,18.576332,0,77,764.40656
6/19/2026 3:48,38619.027,44029.504,28.643505,25.893972,1.0202773,28.619177,7.1507306,90.11193,141.25262,7.7960253,-56.734085,253.71552,1.3562828,18.566338,0,77,764.40656
6/19/2026 4:18,38606.668,44076.703,28.674706,25.902262,1.0203165,28.649857,6.772992,85.26414,133.66504,7.7492623,-53.982735,241.80412,1.0726752,18.50248,0,77,764.40656
6/19/2026 4:48,38543.39,44085.6,28.677216,25.944786,1.0203387,28.655642,6.139368,77.16451,120.98121,7.658076,-48.627853,219.17819,0.4549058,18.418076,0,77,764.40656
6/19/2026 5:18,38477.81,44055.613,28.65334,25.989006,1.0203316,28.63615,5.5209184,69.31964,108.6885,7.549474,-42.262077,169.98291,0.37285888,18.371294,0,77,764.40656
6/19/2026 5:48,38218.31,43716.332,28.410215,26.16547,1.0201355,28.415617,5.302982,66.5424,104.32785,7.4861693,-38.56182,149.71733,0.19069302,18.4154,0,77,764.40656
6/19/2026 6:18,37221.24,42451.562,27.504658,26.866383,1.019413,27.593515,4.952964,61.97286,97.146164,7.389001,-32.88746,133.50964,0.040215574,18.549377,0,77,764.40656
6/19/2026 6:48,35163.73,39906.22,25.691185,28.438393,1.017977,25.939043,4.5100937,56.067795,87.86251,7.270299,-25.954247,137.03346,0.039874718,18.77797,0,77,764.40656
6/19/2026 7:18,34143.457,38623.906,24.784378,29.288189,1.0172515,25.10554,4.20309,52.11723,81.655136,7.2020297,-21.96312,129.08936,0.22348362,18.926598,0,77,764.40656
6/19/2026 7:48,33816.195,38150.957,24.453304,29.57163,1.0169699,24.798122,4.1441836,51.407654,80.52961,7.1761107,-20.451546,146.02661,0.03455674,19.051239,0,77,764.40656
6/19/2026 8:18,33551.95,37738.71,24.166092,29.804527,1.016718,24.530163,4.1615305,51.672596,80.92892,7.162623,-19.669533,154.09946,0.17150018,19.19158,0,77,764.40656
6/19/2026 8:48,33432.34,37487.555,23.993177,29.911158,1.0165519,24.36691,4.256728,52.94586,82.90634,7.1563687,-19.311905,171.5994,0.036152497,19.336391,0,77,764.40656
6/19/2026 9:18,33426.883,37327.652,23.886312,29.91604,1.0164243,24.262974,4.417122,55.106697,86.26654,7.1585054,-19.450188,178.75195,0.036701057,19.528751,0,77,764.40656
6/19/2026 9:48,33660.625,37439.312,23.971266,29.708302,1.0164433,24.335554,4.5795703,57.364555,89.77719,7.1687527,-20.065308,201.65921,0.032852992,19.715792,0,77,764.40656
6/19/2026 10:18,33704.02,37274.69,23.863054,29.670052,1.0162953,24.22855,4.807629,60.488373,94.629364,7.181076,-20.809174,223.18362,0.036131803,19.984634,0,77,764.40656
6/19/2026 10:48,33893.39,37143.98,23.783312,29.504278,1.0161275,24.143587,5.066451,64.234314,100.4256,7.2015023,-22.044182,232.39136,0.03333949,20.418154,0,77,764.40656
6/19/2026 11:18,34017.727,36965.92,23.668571,29.396439,1.0159383,24.02785,5.1238914,65.411674,102.2038,7.1866894,-21.20018,223.15503,0.033433557,20.824375,0.009,77,764.40656
6/19/2026 11:48,39720.66,42533.28,27.674326,25.175816,1.0187876,27.646631,7.922236,104.90192,163.72478,7.7899666,-56.95343,226.264,0.47312975,21.537827,0.009,77,764.40656
6/19/2026 12:18,40206.46,44066.098,28.746872,24.871624,1.0198953,28.642963,8.074545,105.40162,164.78857,7.885371,-62.360764,229.66385,0.970389,20.414268,0,77,764.40656
6/19/2026 12:48,39960.203,44085.625,28.749073,25.024899,1.0199772,28.655655,7.9682636,103.41373,161.75543,7.873061,-61.569214,238.50441,1.2094854,20.100657,0,77,764.40656
6/19/2026 13:18,39911.273,44076.766,28.74075,25.055578,1.0199833,28.649899,7.9430184,102.98815,161.1012,7.867242,-61.216354,223.67001,1.4050248,20.052073,0,77,764.40656
6/19/2026 13:48,39855.152,44043.582,28.715466,25.090858,1.019972,28.62833,8.060124,104.43097,163.36551,7.8793383,-61.922073,249.37152,1.2649239,20.021078,0,77,764.40656
6/19/2026 14:18,39991.758,44063.316,28.735264,25.005152,1.0199511,28.641155,8.11195,105.39011,164.83192,7.886685,-62.384605,248.1842,1.2547321,20.162176,0,77,764.40656
6/19/2026 14:48,39930.402,44057.285,28.72832,25.043575,1.0199628,28.637236,8.195017,106.334015,166.32439,7.8956695,-62.89959,256.3429,1.3312141,20.095766,0,77,764.40656
6/19/2026 15:18,39958.27,44102.773,28.760706,25.02611,1.0199914,28.666801,8.26518,107.23316,167.73473,7.9037437,-63.37166,236.7258,1.1810478,20.079906,0,77,764.40656
6/19/2026 15:48,39928.098,44103.42,28.759748,25.04502,1.02,28.667225,8.325406,107.94107,168.85101,7.9082513,-63.62915,261.29724,1.2389427,20.043394,0,77,764.40656
6/19/2026 16:18,40140.29,44119.65,28.780588,24.912626,1.019956,28.67777,8.313037,108.26297,169.29633,7.905284,-63.505173,258.1215,1.4678516,20.277765,0,77,764.40656
6/19/2026 16:48,40834.85,44139.43,28.82424,24.488886,1.0197806,28.69063,8.291688,109.61752,171.207,7.8979063,-63.242912,255.87082,0.66375744,21.080273,0,77,764.40656
6/19/2026 17:18,41809.81,44224.6,28.921028,23.917833,1.0195699,28.74599,8.141228,109.77897,171.17029,7.866721,-61.621666,233.77896,0.46831685,22.141209,0.009,77,764.40656
6/19/2026 17:48,42381.332,44286.03,28.98386,23.595295,1.0194504,28.785921,7.78405,106.14731,165.3406,7.8174057,-58.817863,241.38928,0.43932527,22.748217,0.018,77,764.40656
6/19/2026 18:18,42625.53,44240.508,28.960201,23.460117,1.0193375,28.756329,7.319632,100.40605,156.30685,7.752466,-55.02224,221.93433,0.4331419,23.08877,0.027,77,764.40656
6/19/2026 18:48,42083.633,43475.867,28.409136,23.762207,1.0188551,28.259314,6.8145742,93.56885,145.60382,7.6589913,-49.500465,210.08014,0.08892711,23.323397,0.027,77,764.40656
6/19/2026 19:18,39945.848,41114.85,26.702135,25.033892,1.0175135,26.724653,6.277617,85.63668,133.21652,7.5136747,-40.87448,197.01004,0.17936407,23.51138,0.027,77,764.40656
6/19/2026 19:48,37635.68,38706.23,24.97195,26.570532,1.0161973,25.15905,5.8223805,78.69618,122.411095,7.3915396,-33.602715,228.4479,0.038156766,23.551918,0.027,77,764.40656
6/19/2026 20:18,36709.965,37822.098,24.33863,27.24056,1.0157454,24.584364,5.4244676,72.93237,113.46381,7.321748,-29.435158,235.8675,0.11715723,23.460505,0.027,77,764.40656
6/19/2026 20:48,36034.434,37217.75,23.905787,27.751234,1.0154536,24.191538,5.0037556,66.958755,104.193275,7.2661366,-26.111603,243.24417,0.14169301,23.335373,0.027,77,764.40656
6/19/2026 21:18,35624.234,36908.176,23.682657,28.070778,1.0153284,23.990314,4.682439,62.403248,97.131,7.234718,-24.228096,226.83144,0.35054192,23.178667,0.027,77,764.40656
6/19/2026 21:48,35057.508,36435.86,23.344368,28.52456,1.0151168,23.68331,4.3821173,58.12063,90.48993,7.207999,-22.625923,241.7469,0.039935477,23.019398,0.027,77,764.40656
6/19/2026 22:18,35033.984,36556.99,23.426174,28.543713,1.0152328,23.762043,4.072307,53.84234,83.857635,7.192693,-21.70086,230.82257,0.09046605,22.81879,0.027,77,764.40656
6/19/2026 22:48,34626.492,36284.25,23.228567,28.879622,1.0151404,23.584763,3.8576667,50.752613,79.07362,7.1738462,-20.565987,243.56366,0.041084837,22.607954,0.018,77,764.40656
6/19/2026 23:18,34425.344,36286.836,23.22414,29.048367,1.0152155,23.586445,3.4941676,45.724995,71.275345,7.155707,-19.469261,224.185,0.055402573,22.31417,0.018,77,764.40656
6/19/2026 23:48,34274.723,36658.965,23.471016,29.17602,1.0155911,23.828327,3.0611308,39.592384,61.787884,7.1569104,-19.493103,183.81119,0.03878918,21.594845,0.009,77,764.40656
6/20/2026 0:18,38779.383,43964.133,28.607927,25.786898,1.0201874,28.576687,7.082947,89.67877,140.5244,7.773371,-55.45616,213.92822,0.5851507,18.825583,0,77,764.40656
6/20/2026 0:48,38800.14,44019.03,28.646185,25.773102,1.0202246,28.612371,7.229629,91.49975,143.38423,7.799016,-56.95343,234.66586,0.67566425,18.792679,0,77,764.40656
6/20/2026 1:18,38875.5,44068.855,28.68391,25.723143,1.0202442,28.644756,7.270972,92.10876,144.33125,7.808081,-57.492256,230.21222,0.5814604,18.830032,0,77,764.40656
6/20/2026 1:48,38875.645,44051.613,28.672243,25.723045,1.0202309,28.633549,7.362167,93.289764,146.1782,7.818428,-58.102608,253.0098,0.68785226,18.848282,0.009,77,764.40656
6/20/2026 2:18,38878.41,44090.117,28.69846,25.721216,1.0202599,28.658575,7.3325114,92.86332,145.51735,7.8161144,-57.959557,258.38852,0.7554516,18.811214,0.009,77,764.40656
6/20/2026 2:48,38873.61,44092.152,28.699577,25.724392,1.0202626,28.6599,7.3349504,92.88111,145.54678,7.8160596,-57.95479,266.18005,0.6566846,18.803387,0,77,764.40656
6/20/2026 3:18,38816.605,44087.35,28.693285,25.76217,1.0202731,28.656778,7.041581,89.05702,139.56622,7.786987,-56.238174,256.08063,0.7876561,18.740717,0,77,764.40656
6/20/2026 3:48,38694.918,44061.773,28.669436,25.843187,1.0202835,28.640154,6.9052677,87.12585,136.56148,7.766948,-55.041313,272.2931,0.6985021,18.62288,0,77,764.40656
6/20/2026 4:18,38583.887,44084.83,28.678936,25.917555,1.0203283,28.655138,6.753439,84.962685,133.19878,7.7541785,-54.26407,268.3592,0.94518816,18.46697,0,77,764.40656
6/20/2026 4:48,38626.758,44088.16,28.683542,25.88879,1.0203204,28.657305,6.739278,84.86344,133.03473,7.7525625,-54.178238,260.67258,0.48927468,18.51442,0,77,764.40656
6/20/2026 5:18,38515.566,44105.227,28.688906,25.963528,1.0203605,28.668398,6.454,81.04229,127.06993,7.7191534,-52.194595,218.63937,0.20552059,18.36468,0,77,764.40656
6/20/2026 5:48,38288.37,44114.7,28.68243,26.11759,1.020422,28.674555,5.8847284,73.49758,115.282646,7.624375,-46.601295,203.23276,0.034915213,18.085222,0,77,764.40656
6/20/2026 6:18,38153.438,44052.695,28.632944,26.209959,1.020407,28.63425,5.735103,71.47525,112.124664,7.582719,-44.150352,176.13889,0.038609147,17.988815,0,77,764.40656
6/20/2026 6:48,37603.24,43373.95,28.145369,26.593454,1.020024,28.193068,5.5360146,68.85247,108.00386,7.5240526,-40.72666,157.86649,0.035170186,18.034266,0,77,764.40656
6/20/2026 7:18,36147.227,41379.438,26.727867,27.66464,1.0188612,26.896633,5.094518,63.243404,99.16023,7.408386,-34.003258,149.25957,0.037919812,18.379858,0,77,764.40656
6/20/2026 7:48,34685.26,39421.926,25.343552,28.830688,1.0177286,25.62425,4.7289486,58.58979,91.82324,7.313684,-28.49102,163.48361,0.030511564,18.709267,0,77,764.40656
6/20/2026 8:18,33658.42,37992.6,24.340252,29.710247,1.0168897,24.69519,4.5863795,56.828747,89.02465,7.2621193,-25.496483,171.41818,0.03350759,19.027246,0,77,764.40656
6/20/2026 8:48,32997.43,36995.14,23.645306,30.305391,1.016286,24.04684,4.6618733,57.872105,90.61941,7.2360797,-23.994446,171.33713,0.033084463,19.342384,0,77,764.40656
6/20/2026 9:18,33153.707,37012.754,23.664097,30.16254,1.0162524,24.05829,4.877107,60.779568,95.14543,7.2404265,-24.266243,195.57953,0.0382354,19.541225,0,77,764.40656
6/20/2026 9:48,32908.57,36415.81,23.255339,30.38722,1.0158409,23.670277,5.2865405,66.241714,103.6341,7.2655196,-25.777817,232.07664,0.032559413,19.957546,0,77,764.40656
6/20/2026 10:18,32443.176,35409.496,22.564539,30.823124,1.0151548,23.016172,5.4609785,68.99372,107.83496,7.267855,-25.97332,243.392,0.0383235,20.614038,0,77,764.40656
6/20/2026 10:48,32836.54,35536.973,22.66462,30.45388,1.0151281,23.099031,5.789001,73.737915,115.17857,7.278626,-26.64566,256.96277,0.032927755,21.0215,0,77,764.40656
6/20/2026 11:18,32935.83,35242.875,22.47065,30.362072,1.0148404,22.907867,6.0477586,77.73414,121.31616,7.3054166,-28.281212,248.32248,0.032276373,21.572702,0.009,77,764.40656
6/20/2026 11:48,33098.793,35349.82,22.54809,30.212582,1.0148749,22.977385,6.4863744,83.55289,130.37785,7.3286214,-29.66404,238.13724,0.030743046,21.666044,0.018,76,764.40656
6/20/2026 12:18,33483.09,35543.92,22.69159,29.865822,1.0149056,23.10355,7.0101557,90.87091,141.72914,7.375344,-32.463074,252.64264,0.03722865,21.964403,0.027,76,764.40656
6/20/2026 12:48,34700.945,35557.99,22.736246,28.81766,1.0144613,23.112692,7.490936,100.28718,155.9441,7.501714,-40.192604,259.0561,0.09474973,23.73808,0.018,76,764.40656
6/20/2026 13:18,40353.625,44066.754,28.753813,24.780922,1.0198556,28.64339,8.024408,105.08825,164.25587,7.861706,-61.001778,237.3743,1.023257,20.588408,0.009,76,764.40656
6/20/2026 13:48,39974.812,44171.453,28.808437,25.015753,1.0200416,28.711445,8.100996,105.027306,164.29727,7.8735714,-61.58352,252.97165,0.80931526,20.02576,0,76,764.40656
6/20/2026 14:18,39802.812,44207.426,28.824871,25.123854,1.0201154,28.734827,8.073125,104.20545,163.06871,7.8773546,-61.75518,256.50977,0.9959179,19.7835,0,76,764.40656
6/20/2026 14:48,39889.074,44205.13,28.827415,25.06952,1.0200908,28.733334,8.127778,105.11714,164.47063,7.8794107,-61.89823,266.0179,1.0033965,19.888115,0,76,764.40656
6/20/2026 15:18,39769.11,44185.637,28.80839,25.145144,1.0201069,28.720663,8.110523,104.64543,163.76117,7.8772526,-61.745644,252.64264,1.0399742,19.76681,0,76,764.40656
6/20/2026 15:48,39574.965,44156.715,28.779257,25.2685,1.0201349,28.701864,7.9697285,102.4291,160.3384,7.8677464,-61.14483,273.0274,0.9810498,19.56748,0,76,764.40656
6/20/2026 16:18,39368.14,44165.305,28.774826,25.40125,1.0201949,28.707449,7.7631,99.29657,155.49059,7.8516827,-60.14824,272.79852,1.1172178,19.313173,0,76,764.40656
6/20/2026 16:48,39513.93,44157.504,28.776789,25.307531,1.0201513,28.70238,7.7569203,99.556274,155.85756,7.8508053,-60.133934,278.4872,1.0368912,19.494274,0,76,764.40656
6/20/2026 17:18,39692.074,44165.508,28.790949,25.193947,1.0201113,28.707579,7.8187475,100.73898,157.66368,7.8534217,-60.329437,250.22983,1.3737885,19.696966,0,76,764.40656
6/20/2026 17:48,40194.547,44233.66,28.861126,24.878996,1.0200322,28.75188,7.8237696,101.82925,159.24936,7.8524857,-60.38189,260.09558,0.6160869,20.219208,0,76,764.40656
6/20/2026 18:18,41070.45,44345.73,28.976143,24.348406,1.019882,28.824726,7.6349125,101.12211,157.92548,7.818804,-58.579445,252.18964,0.26335213,21.133093,0.009,76,764.40656
6/20/2026 18:48,41706.875,44484.79,29.097597,23.976862,1.0198148,28.915113,7.3731713,98.790726,154.1395,7.7753267,-56.123734,243.63518,0.2167508,21.730558,0.009,76,764.40656
6/20/2026 19:18,41921.312,44331.785,28.999512,23.854216,1.019626,28.815662,6.9951644,94.388466,147.1701,7.7195354,-52.895546,208.5924,0.11522717,22.15322,0.018,76,764.40656
6/20/2026 19:48,41112.094,43212.11,28.193775,24.323744,1.0189333,28.08787,6.542359,88.3442,137.67717,7.637817,-48.098564,211.20071,0.04109134,22.455612,0.018,76,764.40656
6/20/2026 20:18,38938.957,40611.79,26.323664,25.681223,1.0174134,26.397663,5.934688,79.827415,124.32332,7.501827,-40.078163,203.18985,0.1130113,22.843412,0.018,76,764.40656
6/20/2026 20:48,37156.684,38605.055,24.888664,26.91306,1.0162773,25.093287,5.4965973,73.57673,114.55084,7.400699,-34.08909,225.72517,0.1695608,23.035727,0.027,76,764.40656
6/20/2026 21:18,36001.51,37394.38,24.025652,27.776611,1.0156223,24.306347,5.056626,67.36783,104.88174,7.3296475,-29.864311,218.7109,0.45405424,23.049839,0.027,76,764.40656
6/20/2026 21:48,35131.125,36543.895,23.42009,28.464787,1.0151857,23.753532,4.653649,61.70061,96.07089,7.27589,-26.659966,212.68369,0.113040015,22.975937,0.027,76,764.40656
6/20/2026 22:18,34897.14,36401.75,23.316502,28.655643,1.0151454,23.661139,4.284083,56.62388,88.18722,7.245377,-24.83368,199.29886,0.26803586,22.835945,0.018,76,764.40656
6/20/2026 22:48,34221.195,35833.414,22.910402,29.221657,1.0148908,23.29172,3.917908,51.484203,80.20856,7.215064,-23.01693,226.42612,0.040963963,22.644394,0.018,76,764.40656
6/20/2026 23:18,33744.277,35465.316,22.646662,29.634655,1.0147412,23.052456,3.8159335,49.89992,77.764435,7.2075953,-22.559166,216.51746,0.18879794,22.459297,0.018,76,764.40656
6/20/2026 23:48,33083.87,35021.4,22.326368,30.22621,1.0145934,22.763908,3.3119798,42.95026,66.97333,7.181756,-20.999908,236.22513,0.09807941,22.103447,0.018,76,764.40656
6/21/2026 0:18,32956.816,34937.152,22.265554,30.342737,1.0145661,22.70915,3.2534752,42.12184,65.689156,7.1706605,-20.337105,216.95137,0.087271094,22.032316,0.018,76,764.40656
6/21/2026 0:48,32317.53,34324.645,21.833082,30.942959,1.0142639,22.311018,2.6581614,34.26914,53.45098,7.124824,-17.614365,205.6265,0.038249314,21.938513,0.018,76,764.40656
6/21/2026 1:18,38725.562,43862.785,28.536497,25.822737,1.0201225,28.51081,6.68287,84.64518,132.6292,7.7334723,-53.124428,204.06723,0.4298958,18.868046,0,76,764.40656
6/21/2026 1:48,38738.81,43990.88,28.62386,25.813908,1.0202181,28.594072,6.9074836,87.338936,136.87215,7.773456,-55.446625,232.69177,0.2868901,18.749216,0,76,764.40656
6/21/2026 2:18,38858.7,44124.863,28.72092,25.734262,1.0202916,28.681162,7.036557,89.02629,139.516,7.789636,-56.39553,243.09158,0.4364363,18.751472,0,76,764.40656
6/21/2026 2:48,38861.93,44127.52,28.72289,25.732124,1.0202929,28.682888,7.0568237,89.28572,139.92241,7.7934556,-56.619644,256.32382,0.6280706,18.752531,0,76,764.40656
6/21/2026 3:18,38860.117,44125.277,28.721275,25.733324,1.0202914,28.68143,7.0870275,89.66719,140.52017,7.796871,-56.819916,248.82317,0.46767607,18.752726,0,76,764.40656
6/21/2026 3:48,38833.61,44105.31,28.706343,25.75089,1.0202827,28.668451,7.191799,90.96642,142.55827,7.8032517,-57.19185,266.90485,0.47066963,18.742134,0,76,764.40656
6/21/2026 4:18,38802.13,44150.7,28.735352,25.771782,1.0203253,28.697954,6.906986,87.23883,136.73225,7.780182,-55.823326,268.2495,0.601625,18.657406,0,76,764.40656
6/21/2026 4:48,38728.98,44128.438,28.716331,25.820457,1.0203261,28.683483,6.71414,84.69126,132.75072,7.762077,-54.750443,276.6895,0.39887136,18.593832,0,76,764.40656
6/21/2026 5:18,38705.07,44133.414,28.718395,25.836409,1.0203358,28.68672,6.5419292,82.46731,129.27055,7.7456613,-53.782463,253.32451,0.4522357,18.560287,0,76,764.40656
6/21/2026 5:48,38640.152,44121.164,28.706562,25.879816,1.0203422,28.678757,6.570704,82.72313,129.68272,7.748143,-53.915977,254.89331,0.21633163,18.496004,0,76,764.40656
6/21/2026 6:18,38596.746,44155.234,28.727156,25.90892,1.0203788,28.700901,6.5547724,82.396355,129.18541,7.7431235,-53.606033,233.8314,0.100774474,18.409157,0,76,764.40656
6/21/2026 6:48,38443.55,44139.527,28.707981,26.012165,1.0204037,28.690693,6.1737356,77.35318,121.305016,7.6870112,-50.292015,211.30562,0.038166735,18.243729,0,76,764.40656
6/21/2026 7:18,38347.402,44027.633,28.62717,26.077385,1.0203418,28.617962,5.9186435,74.12327,116.23964,7.635101,-47.254562,182.44743,0.038475398,18.245281,0,76,764.40656
6/21/2026 7:48,37961.305,43380.6,28.16989,26.342613,1.0199418,28.197392,5.628035,70.57894,110.65002,7.5704265,-43.501854,179.89159,0.031193469,18.459454,0,76,764.40656
6/21/2026 8:18,36027.816,40718.254,26.278582,27.75633,1.0183784,26.466864,5.0085998,62.710987,98.2473,7.42274,-34.914017,170.35007,0.03274315,18.968979,0,76,764.40656
6/21/2026 8:48,34537.98,38632.72,24.809046,28.953632,1.0171442,25.111267,4.6051736,57.682705,90.309105,7.3195934,-28.910637,192.85202,0.03310553,19.450708,0,76,764.40656
6/21/2026 9:18,33705.87,37263.77,23.855825,29.668423,1.0162858,24.22145,4.418592,55.608356,86.99289,7.261243,-25.529861,203.00388,0.039844565,20.001114,0,76,764.40656
6/21/2026 9:48,33344.066,36508.035,23.334858,29.990343,1.0157763,23.730225,4.4102826,55.814102,87.25544,7.231691,-23.827553,237.4649,0.031972345,20.462563,0,76,764.40656
6/21/2026 10:18,33159.02,35900.61,22.920422,30.157707,1.0153269,23.335396,4.58804,58.506794,91.39035,7.2207794,-23.226738,243.7067,0.039520904,21.001776,0.009,76,764.40656
6/21/2026 10:48,33097.125,35476.824,22.633486,30.214106,1.0149853,23.059937,4.731183,60.774727,94.861084,7.215295,-22.940636,268.0397,0.03255243,21.488085,0.009,76,764.40656
6/21/2026 11:18,33061.367,35059.074,22.351051,30.246782,1.0146347,22.788397,4.950036,64.1003,99.967186,7.2183013,-23.15998,218.41525,0.03191678,22.016693,0.018,76,764.40656
6/21/2026 11:48,33161.598,34762.156,22.15375,30.155363,1.0143346,22.595402,5.1138744,66.8396,104.140724,7.2167416,-23.112297,270.77197,0.03125576,22.589367,0.027,76,764.40656
6/21/2026 12:18,33235.906,34628.58,22.065557,30.087942,1.0141864,22.508575,5.764718,75.7247,117.923515,7.280184,-26.90792,243.16312,0.03760641,22.894377,0.036,76,764.40656
6/21/2026 12:48,33561.85,34766.965,22.168303,29.795734,1.0141851,22.598526,6.9106007,91.30804,142.11987,7.341357,-30.574799,256.176,0.033883695,23.185204,0.054,76,764.40656
6/21/2026 13:18,40040.86,39088.918,25.29284,24.97449,1.0156486,25.407797,8.0203905,113.87958,176.22253,7.767604,-56.524277,231.53781,0.041052848,26.27504,0.063,76,764.40656
6/21/2026 13:48,41744.223,43879.973,28.679342,23.95541,1.0193019,28.521982,8.545193,115.70712,180.3212,7.892539,-63.21907,254.3068,0.035295445,22.451698,0.027,76,764.40656
6/21/2026 14:18,41057.973,44131.527,28.827856,24.355806,1.0197109,28.685493,8.567503,113.83202,177.71388,7.898364,-63.328743,253.54861,0.03684921,21.353647,0.009,76,764.40656
6/21/2026 14:48,41130.71,44182.902,28.866238,24.312733,1.0197324,28.718885,8.703122,115.72203,180.65617,7.9205065,-64.64481,261.89328,0.03942967,21.383204,0.018,76,764.40656
6/21/2026 15:18,41126.184,44183.227,28.86628,24.315409,1.0197339,28.719097,8.781897,116.757454,182.27425,7.9320564,-65.32669,248.76117,0.03725108,21.377483,0.018,76,764.40656
6/21/2026 15:48,41004.543,44158.06,28.844015,24.38754,1.0197479,28.702738,8.873838,117.71466,183.80202,7.9414454,-65.85598,270.97226,0.18162225,21.261036,0.009,76,764.40656
6/21/2026 16:18,40693.71,44185.316,28.849915,24.573822,1.0198573,28.720457,8.849448,116.5441,182.08606,7.9424696,-65.82737,272.67456,0.16137086,20.862728,0,76,764.40656
6/21/2026 16:48,40436.223,44177.63,28.83353,24.730303,1.0199219,28.715458,8.695274,113.88014,178.00385,7.9321165,-65.15026,279.25967,0.42416695,20.565968,0,76,764.40656
6/21/2026 17:18,40094.59,44215.703,28.844248,24.941021,1.0200447,28.740206,8.434399,109.56452,171.37134,7.915255,-64.058304,249.87698,0.44740874,20.12017,0,76,764.40656
6/21/2026 17:48,40070.008,44210.664,28.83967,24.956322,1.0200473,28.73693,8.291025,107.65193,168.38565,7.9034405,-63.357353,282.197,0.41453493,20.09647,0,76,764.40656
6/21/2026 18:18,40464.695,44226.633,28.868422,24.7129,1.0199535,28.747313,8.376949,109.69465,171.46657,7.9090676,-63.786507,269.79922,0.44361266,20.546572,0,76,764.40656
6/21/2026 18:48,41066.21,44305.492,28.948225,24.35092,1.0198505,28.79857,8.198671,108.64855,169.66948,7.892167,-62.92343,265.63644,0.1926226,21.172123,0,76,764.40656
6/21/2026 19:18,41783.78,44363.895,29.01672,23.932732,1.0196928,28.836533,7.7924457,104.782936,163.42984,7.844526,-60.26745,237.751,0.040326454,21.955078,0.009,76,764.40656
6/21/2026 19:48,42367.727,44461.035,29.105326,23.60287,1.0196012,28.899673,7.172074,97.49947,151.9248,7.7615867,-55.46093,243.83545,0.033892475,22.534979,0.009,76,764.40656
6/21/2026 20:18,42494.426,44314.36,29.007425,23.532497,1.0194399,28.804333,6.584238,89.96065,140.1033,7.677087,-50.497055,220.96158,0.037629157,22.849808,0.018,76,764.40656
6/21/2026 20:48,41882.914,43357.566,28.32035,23.876085,1.0188174,28.182419,6.008782,82.31076,128.10814,7.5724363,-44.33155,206.57062,0.037794184,23.219297,0.027,76,764.40656
6/21/2026 21:18,39686.477,40752.008,26.443048,25.1975,1.0172845,26.488806,5.4208198,73.99497,115.08228,7.427312,-35.743713,183.5823,0.0393529,23.631062,0.027,76,764.40656
6/21/2026 21:48,37494.75,38318.09,24.700825,26.6704,1.0159028,24.90676,4.8662453,66.04779,102.67749,7.3044305,-28.443336,215.94048,0.040303905,23.87503,0.036,76,764.40656
6/21/2026 22:18,36437.184,37229.562,23.924658,27.444492,1.0153152,24.199217,4.4261613,59.818874,92.99227,7.2337484,-24.228096,227.80418,0.25980806,23.885675,0.036,76,764.40656
6/21/2026 22:48,35762.977,36614.062,23.485262,27.961878,1.0150129,23.79914,4.0216475,54.116234,84.14267,7.189109,-21.557808,233.71219,0.16137752,23.782995,0.036,76,764.40656
6/21/2026 23:18,35459.223,36405.22,23.334463,28.201408,1.0149391,23.663391,3.7154357,49.82525,77.49064,7.165122,-20.11776,213.37985,0.12136126,23.63952,0.027,76,764.40656
6/21/2026 23:48,35097.65,36134.07,23.139675,28.491938,1.0148313,23.487146,3.425552,45.770893,71.202896,7.1431913,-18.80169,226.04942,0.14591585,23.49829,0.027,76,764.40656
6/22/2026 0:18,34885.53,36077.633,23.095455,28.665178,1.0148607,23.450462,3.0590942,40.697563,63.335934,7.1243696,-17.666817,230.11685,0.19355103,23.270014,0.027,76,764.40656
6/22/2026 0:48,34604.016,35922.863,22.982244,28.89838,1.0148278,23.349861,2.891051,38.304478,59.631516,7.1136613,-17.018318,237.79869,0.08019103,23.077833,0.027,76,764.40656
6/22/2026 1:18,34258.49,35738.652,22.847187,29.189846,1.0147927,23.230124,2.512931,33.121502,51.58451,7.0974536,-16.040802,212.07333,0.24540046,22.831604,0.027,76,764.40656
6/22/2026 1:48,33949.08,35530.3,22.696804,29.455881,1.0147227,23.094696,1.9950044,26.195553,40.808956,7.078498,-14.90593,191.96033,0.038330264,22.669975,0.018,76,764.40656
6/22/2026 2:18,38727.184,43720.945,28.440548,25.821655,1.0200125,28.418615,6.538889,83.01231,130.04361,7.710815,-51.822662,217.96227,0.18394431,19.019947,0,76,764.40656
6/22/2026 2:48,38908.45,44149.633,28.740343,25.701359,1.0202982,28.697262,6.901543,87.38307,136.93474,7.7787905,-55.766106,244.2646,0.30861646,18.784603,0,76,764.40656
6/22/2026 3:18,38918.617,44197.465,28.773264,25.694643,1.0203327,28.728354,6.956866,88.03753,137.9674,7.7881875,-56.3097,237.0739,0.29594207,18.746712,0,76,764.40656
6/22/2026 3:48,38918.797,44209.465,28.781391,25.694525,1.0203418,28.736153,7.0549397,89.26232,139.88918,7.7977457,-56.8676,261.8122,0.30009377,18.734411,0,76,764.40656
6/22/2026 4:18,38959.62,44236.434,28.801834,25.6676,1.0203524,28.753683,7.1150866,90.06882,141.14919,7.8081717,-57.48272,266.08945,0.21317029,18.75463,0,76,764.40656
6/22/2026 4:48,38944.715,44231.08,28.797417,25.677425,1.020352,28.7502,7.156676,90.572174,141.94034,7.812361,-57.725906,276.0315,0.3178297,18.742569,0,76,764.40656
6/22/2026 5:18,38898.004,44233.5,28.796535,25.70826,1.0203654,28.751776,7.0830765,89.542076,140.33699,7.8034434,-57.19185,265.32172,0.19990431,18.684755,0,76,764.40656
6/22/2026 5:48,38781.082,44194.3,28.763685,25.785769,1.020364,28.726295,6.7746544,85.4678,133.96912,7.7730865,-55.394173,284.3952,0.10071314,18.587078,0,76,764.40656
6/22/2026 6:18,38792.004,44221.52,28.782684,25.77851,1.0203823,28.743988,6.702008,84.53614,132.51149,7.7630434,-54.802895,287.25623,0.1696043,18.571728,0,76,764.40656
6/22/2026 6:48,38810.473,44213.39,28.778193,25.766241,1.0203714,28.738705,6.6931033,84.47022,132.40279,7.7586327,-54.55017,268.4355,0.10372517,18.602043,0,76,764.40656
6/22/2026 7:18,38851.17,44227.492,28.789934,25.73925,1.0203724,28.747871,6.739072,85.11046,133.40028,7.7624316,-54.779053,238.8668,0.03719727,18.63557,0,76,764.40656
6/22/2026 7:48,38780.277,44205.574,28.771261,25.786303,1.0203729,28.733624,6.355774,80.16751,125.663155,7.7128153,-51.86081,233.96014,0.033626948,18.574406,0,76,764.40656
6/22/2026 8:18,38700.887,44109.47,28.70199,25.839201,1.0203185,28.671156,5.96039,75.157616,117.80919,7.647033,-48.007965,224.44247,0.0328689,18.58025,0,76,764.40656
6/22/2026 8:48,38290.383,43467.48,28.246222,26.116219,1.0199267,28.253862,5.605337,70.73514,110.84946,7.57323,-43.711662,199.5039,0.033183936,18.764254,0,76,764.40656
6/22/2026 9:18,36165.426,40632.97,26.228083,27.650719,1.0182735,26.41143,4.7806544,60.15123,94.20123,7.396195,-33.388138,169.6682,0.036915805,19.24352,0,76,764.40656
6/22/2026 9:48,34446.527,38330.85,24.602726,29.030502,1.0169281,24.915054,4.2235565,53.081745,83.07702,7.2748322,-26.302338,189.3425,0.035273947,19.69441,0,76,764.40656
6/22/2026 10:18,33492.9,37013.562,23.679386,29.857075,1.0161473,24.058815,3.8979006,49.021736,76.686775,7.2078414,-22.387505,187.00122,0.13090311,20.019987,0,76,764.40656
6/22/2026 10:48,32781.598,36085.492,23.029566,30.50492,1.0156084,23.45557,3.7521868,47.17347,73.77533,7.1753855,-20.489693,206.14148,0.03502342,20.206415,0,76,764.40656
6/22/2026 11:18,32256.729,35406.51,22.555265,31.001284,1.0152153,23.014233,3.7387028,46.99249,73.47755,7.156536,-19.388199,200.6054,0.056326013,20.342377,0,76,764.40656
6/22/2026 11:48,31981.469,35049.73,22.306501,31.268106,1.0150083,22.782326,3.7264032,46.834526,73.22247,7.1511955,-19.078255,226.98402,0.043625653,20.41674,0,76,764.40656
6/22/2026 12:18,31347.473,34304.043,21.785337,31.900497,1.0145961,22.297628,3.6649683,45.982365,71.88257,7.136643,-18.224716,239.86816,0.03826069,20.487577,0,76,764.40656
6/22/2026 12:48,31182.61,34121.074,21.657328,32.069157,1.0144982,22.178698,3.5921292,45.03764,70.40534,7.131383,-17.914772,242.76733,0.061032664,20.491165,0,76,764.40656
6/22/2026 13:18,30664.125,33557.824,21.263424,32.611397,1.0142014,21.812586,3.3564248,41.980354,65.6266,7.120796,-17.290115,227.83755,0.039304715,20.485325,0,76,764.40656
6/22/2026 13:48,29322.922,32141.666,20.275545,34.103012,1.0134721,20.892082,3.2347076,40.165504,62.79669,7.094181,-15.716553,204.14828,0.05425261,20.408506,0,76,764.40656
6/22/2026 14:18,38273.977,43116.23,28.007906,26.127413,1.0196583,28.02555,8.320752,105.56073,165.3442,7.869582,-61.159134,247.22577,0.112352215,19.120054,0,76,764.40656
6/22/2026 14:48,38170.637,43211.848,28.067242,26.198149,1.0197593,28.0877,8.314286,105.06225,164.61499,7.904625,-63.16662,262.99475,0.18817715,18.892004,0,76,764.40656
6/22/2026 15:18,38057.016,43164.582,28.029371,26.276363,1.0197514,28.056978,8.288816,104.543945,163.82239,7.902344,-63.01403,246.23871,0.23431662,18.804829,0,76,764.40656
6/22/2026 15:48,37957.062,43080.734,27.967518,26.345558,1.0197121,28.002478,8.258335,104.05846,163.06862,7.902949,-63.04264,274.55328,0.3655521,18.7732,0,76,764.40656
6/22/2026 16:18,37690.03,42903.2,27.833654,26.532215,1.0196425,27.88708,8.272416,103.88602,162.8281,7.9094677,-63.3955,275.23517,0.6447858,18.638222,0,76,764.40656
6/22/2026 16:48,37622.113,42938.574,27.85382,26.580112,1.0196868,27.910074,8.357863,104.7307,164.17863,7.9226155,-64.139366,283.50354,0.68943816,18.517511,0,76,764.40656
6/22/2026 17:18,37588.996,42919.15,27.838963,26.60353,1.0196803,27.897448,8.259842,103.45464,162.18253,7.914792,-63.676834,264.12012,0.537521,18.497879,0,76,764.40656
6/22/2026 17:48,37823.742,43236.94,28.065628,26.438421,1.0198658,28.104013,7.9655733,99.803566,156.46988,7.88942,-62.179565,289.526,0.3826084,18.445105,0,76,764.40656
6/22/2026 18:18,37957.383,43406.527,28.187138,26.345335,1.0199627,28.214243,7.861842,98.54222,154.496,7.880364,-61.645508,289.47354,0.3780691,18.427359,0,76,764.40656
6/22/2026 18:48,37920.355,43353.81,28.149603,26.371061,1.0199313,28.179976,7.7224965,96.794136,151.75314,7.869901,-61.035156,288.08118,0.411727,18.438316,0,76,764.40656
6/22/2026 19:18,37875.625,43296.777,28.108755,26.402205,1.0198987,28.142906,7.654081,95.92447,150.38844,7.8600264,-60.458183,257.9975,0.25288633,18.444548,0,76,764.40656
6/22/2026 19:48,37600,42952.14,27.861755,26.595745,1.0197029,27.918892,7.3638296,92.2061,144.55276,7.8103294,-57.554245,274.72018,0.04023756,18.476068,0,76,764.40656
6/22/2026 20:18,37457.184,42747.918,27.71663,26.69715,1.0195816,27.786148,6.916779,86.605965,135.76535,7.7296686,-52.838326,269.15073,0.27998656,18.520111,0,76,764.40656
6/22/2026 20:48,37221.03,42397.92,27.468582,26.866531,1.0193717,27.55865,6.449873,80.7741,126.60839,7.6314135,-47.097206,262.19366,0.0393553,18.607203,0,76,764.40656
6/22/2026 21:18,37048.46,42116.11,27.269964,26.991674,1.0191982,27.375471,6.0720162,76.08651,119.24595,7.555576,-42.66739,234.02692,0.041638467,18.700228,0,76,764.40656
6/22/2026 21:48,36583.617,41468.387,26.810467,27.33464,1.0188161,26.954453,5.8062344,72.74015,113.980896,7.496369,-39.215088,226.12572,0.038516544,18.832724,0,76,764.40656
6/22/2026 22:18,35438.793,40055.05,25.80457,28.217665,1.0180184,26.035782,5.3348756,66.604256,104.34718,7.395922,-33.340454,189.62384,0.15527388,18.966082,0,76,764.40656
6/22/2026 22:48,33330.797,37549.4,24.02962,30.002283,1.0166318,24.407108,4.697168,58.19448,91.15272,7.2633657,-25.577545,166.893,0.03712913,19.1179,0,76,764.40656
6/22/2026 23:18,31840.004,35805.004,22.802351,31.407032,1.0156791,23.273252,4.27679,52.685783,82.514534,7.1870575,-21.104813,174.07895,0.40234467,19.20216,0,76,764.40656
6/22/2026 23:48,31169.502,35031.54,22.260292,32.08264,1.015261,22.7705,4.0068245,49.225655,77.09265,7.1522675,-19.06395,191.56934,0.040089786,19.228033,0,76,764.40656
6/23/2026 0:18,30751.324,34549.617,21.923344,32.518925,1.0150014,22.45725,3.7927723,46.517044,72.849045,7.130243,-17.77172,177.48355,0.047304224,19.244116,0,76,764.40656
6/23/2026 0:48,30280.682,34010.297,21.546879,33.024357,1.0147122,22.106693,3.594364,43.997406,68.90172,7.109115,-16.531944,185.90451,0.04079816,19.25857,0,76,764.40656
6/23/2026 1:18,30130.605,33838.63,21.427206,33.188847,1.0146202,21.995108,3.3538477,41.027485,64.25031,7.107812,-16.45565,192.71375,0.16983299,19.262846,0,76,764.40656
6/23/2026 1:48,29616.465,33256.934,21.022032,33.765003,1.0143112,21.617006,3.323603,40.564533,63.524773,7.088724,-15.335083,205.2021,0.085041605,19.268848,0,76,764.40656
6/23/2026 2:18,29254.197,32845.633,20.736153,34.18313,1.0140927,21.34966,3.0989554,37.76316,59.137257,7.08547,-15.144348,201.13467,0.080589406,19.275246,0,76,764.40656
6/23/2026 2:48,34248.38,38796.957,24.904907,29.198462,1.0173585,25.218023,6.523,80.84146,126.6703,7.4936194,-39.05773,189.84795,0.43494734,18.861748,0,76,764.40656
6/23/2026 3:18,37540.668,43003.508,27.89305,26.63778,1.019757,27.95228,7.323251,91.49315,143.45927,7.743475,-53.61557,253.61061,0.6327833,18.349085,0,76,764.40656
6/23/2026 3:48,37573.816,43177.242,28.01163,26.614279,1.0198815,28.065208,7.428571,92.619965,145.25365,7.7905426,-56.34308,274.1003,0.54103744,18.205378,0,76,764.40656
6/23/2026 4:18,36830.54,42593.7,27.57829,27.15138,1.0196189,27.685905,7.6462812,94.55976,148.35178,7.8440356,-59.41391,277.4048,0.07049565,17.915943,0,76,764.40656
6/23/2026 4:48,36461.07,42250.496,27.327637,27.426512,1.0194484,27.462824,7.736244,95.36269,149.62889,7.8601,-60.334206,284.6527,0.035032887,17.82585,0,76,764.40656
6/23/2026 5:18,36517.246,42313.855,27.37319,27.384321,1.0194827,27.504007,7.710014,95.068596,149.16707,7.8634386,-60.52971,269.61804,0.034677383,17.827705,0,76,764.40656
6/23/2026 5:48,36692.508,42479.176,27.493769,27.253521,1.0195655,27.611464,7.615331,94.04207,147.54878,7.849915,-59.747696,290.4892,0.035552736,17.867868,0,76,764.40656
6/23/2026 6:18,36920.008,42699.797,27.654411,27.085585,1.0196776,27.754868,7.4492626,92.160416,144.58807,7.8318906,-58.703423,291.3046,0.03899636,17.913158,0,76,764.40656
6/23/2026 6:48,36898.312,42666.945,27.631174,27.101511,1.019658,27.733515,7.3921103,91.45512,143.48001,7.8262334,-58.374405,296.85022,0.036858167,17.921389,0,76,764.40656
6/23/2026 7:18,36926.496,42695.652,27.652004,27.080826,1.0196729,27.752174,7.239156,89.58104,140.5391,7.8120255,-57.54471,276.90887,0.05693426,17.92551,0,76,764.40656
6/23/2026 7:48,36893.355,42630.91,27.606783,27.105152,1.0196317,27.71009,7.149399,88.494194,138.82893,7.799206,-56.800842,282.4831,0.036183625,17.953577,0,76,764.40656
6/23/2026 8:18,36847.363,42503.742,27.519045,27.138985,1.0195463,27.627434,7.085392,87.78882,137.70825,7.7920113,-56.39553,266.79517,0.03390873,18.032486,0,76,764.40656
6/23/2026 8:48,36765.418,42302.508,27.3797,27.199472,1.0194132,27.49663,6.818926,84.602684,132.69054,7.7481866,-53.85399,265.78427,0.0314539,18.146978,0,76,764.40656
6/23/2026 9:18,35840.625,40969.785,26.4374,27.901299,1.0186243,26.630362,6.2176514,77.14877,120.95213,7.6041737,-45.47596,233.96492,0.031767327,18.445356,0,76,764.40656
6/23/2026 9:48,34362.72,39112.79,25.121094,29.101307,1.0175751,25.423313,5.8147945,71.85441,112.62212,7.5126753,-40.14492,258.8606,0.031401362,18.641602,0,76,764.40656
6/23/2026 10:18,30526.027,34348.15,21.780409,32.75893,1.0149094,22.326296,4.935895,60.404682,94.60729,7.2824516,-26.70288,247.0398,0.2695155,19.174038,0,76,764.40656
6/23/2026 10:48,27994.088,31280.498,19.657516,35.72183,1.0132216,20.332323,4.478478,54.45881,85.25587,7.1742787,-20.375252,227.61345,0.039867982,19.49934,0,76,764.40656
6/23/2026 11:18,25188.166,28032.383,17.43262,39.701183,1.0114908,18.22105,4.2422256,51.095222,79.96869,7.1265407,-17.580986,187.19196,0.034677874,19.687862,0.009,76,764.40656
6/23/2026 11:48,23102.674,25649.238,15.818637,43.285034,1.0102417,16.672005,4.1484985,49.600304,77.61632,7.071066,-14.324188,211.13873,0.031474166,19.801872,0,76,764.40656
6/23/2026 12:18,20914.451,23051.387,14.081813,47.813828,1.0088474,14.983401,4.3256426,51.53094,80.59713,7.0510263,-13.160706,230.23605,0.033482287,20.146433,0,76,764.40656
6/23/2026 12:48,19678.83,21493.281,13.052528,50.81603,1.0079682,13.970633,4.632017,55.30509,86.444496,7.0542536,-13.370514,263.896,0.034361266,20.58013,0,76,764.40656
6/23/2026 13:18,18660.193,20288.078,12.259758,53.59001,1.0073179,13.187251,4.8984866,58.45905,91.34406,7.055135,-13.432503,267.7202,0.24581116,20.799034,0.009,76,764.40656
6/23/2026 13:48,17709.416,19192.205,11.5425005,56.467136,1.0067396,12.474934,4.9788485,59.34527,92.70675,7.0416927,-12.645721,293.0975,0.030559352,20.954975,0,76,764.40656
6/23/2026 14:18,17215.516,18563.416,11.134175,58.087135,1.0063738,12.06622,5.267769,62.930153,98.26998,7.050954,-13.203621,293.1404,0.03648152,21.1984,0.018,76,764.40656
6/23/2026 14:48,23079.48,25108.95,15.47011,43.328533,1.0097505,16.320818,6.4954014,78.94326,123.35704,7.2605147,-25.553703,273.15616,0.036760297,20.768244,0.009,76,764.40656
6/23/2026 15:18,37623.816,43030.63,27.915848,26.578909,1.019757,27.96991,8.001934,100.12413,156.9774,7.871102,-61.101913,268.63098,0.033782713,18.421452,0,76,764.40656
6/23/2026 15:48,37514.91,43081.336,27.94392,26.656069,1.0198227,28.002869,7.849915,97.88941,153.51157,7.8711987,-61.068535,283.0982,0.03132002,18.235214,0,76,764.40656
6/23/2026 16:18,37437.168,43160.562,27.99272,26.711422,1.0199021,28.054367,7.693577,95.641045,150.02066,7.86409,-60.61554,275.9886,0.034124244,18.057222,0,76,764.40656
6/23/2026 16:48,37369.645,43159.035,27.987822,26.759687,1.0199171,28.053373,7.6994934,95.564354,149.916,7.8668227,-60.75859,277.26172,0.032206915,17.976917,0,76,764.40656
6/23/2026 17:18,37336.156,43204.59,28.016422,26.78369,1.0199598,28.082983,7.669601,95.047905,149.12291,7.866404,-60.715675,249.33337,0.030319277,17.888538,0,76,764.40656
6/23/2026 17:48,37256.12,43212.95,28.017353,26.841227,1.0199851,28.088417,7.603355,94.03568,147.5549,7.863762,-60.539246,265.7175,0.033803344,17.782812,0,76,764.40656
6/23/2026 18:18,37245.36,43243.844,28.037388,26.848982,1.020011,28.1085,7.6445947,94.47467,148.25232,7.867433,-60.744286,260.5772,0.030877683,17.73754,0,76,764.40656
6/23/2026 18:48,37282.242,43244.195,28.0398,26.822422,1.0200025,28.108728,7.6773896,94.962364,149.0092,7.871029,-60.96363,255.46552,0.029999534,17.781824,0,76,764.40656
6/23/2026 19:18,37308.516,43236.83,28.036402,26.803532,1.0199907,28.10394,7.5895166,93.94512,147.4055,7.8628902,-60.49633,231.50444,0.033167727,17.821331,0,76,764.40656
6/23/2026 19:48,37216.89,43106.824,27.944012,26.86952,1.0199143,28.019438,7.499549,92.824646,145.64275,7.8506436,-59.785843,241.89471,0.03511249,17.846294,0,76,764.40656
6/23/2026 20:18,37291.977,43162.754,27.98583,26.81542,1.0199386,28.05579,7.3493547,91.04529,142.8449,7.834946,-58.875084,230.31235,0.034597706,17.878801,0,76,764.40656
6/23/2026 20:48,37272.082,42984.203,27.86504,26.829733,1.019808,27.939732,6.8455324,85.00954,133.34683,7.750881,-53.99227,239.89677,0.0302893,18.042469,0,76,764.40656
6/23/2026 21:18,37430.473,42937.35,27.842505,26.7162,1.0197335,27.909279,6.1998696,77.340034,121.27779,7.629532,-46.93508,207.17145,0.029498396,18.285141,0,76,764.40656
6/23/2026 21:48,37356.363,42668.56,27.657812,26.769201,1.0195459,27.734564,5.8535037,73.21308,114.7763,7.5575867,-42.75322,208.88806,0.028727015,18.481726,0,76,764.40656
6/23/2026 22:18,36818.94,41827.367,27.063847,27.159933,1.0190337,27.187788,5.649734,70.74936,110.87675,7.5028663,-39.582253,201.05362,0.032228686,18.730871,0,76,764.40656
6/23/2026 22:48,35066.547,39559.35,25.454361,28.517208,1.0177307,25.71358,5.30124,66.15675,103.63357,7.39567,-33.335686,194.99301,0.0306801,19.053864,0,76,764.40656
6/23/2026 23:18,32479.07,36449.086,23.258644,30.789059,1.016003,23.691906,4.9672236,61.468704,96.25725,7.2996345,-27.723312,150.4469,0.033742078,19.29741,0,76,764.40656
6/23/2026 23:48,30516.691,34149.043,21.648703,32.76895,1.0147486,22.196878,4.6141043,56.700222,88.77338,7.2192383,-23.012161,151.81064,0.032838825,19.431015,0,76,764.40656
6/24/2026 0:18,29530.547,33013.55,20.858332,33.86324,1.014138,21.458807,4.3730373,53.532925,83.809105,7.1781197,-20.599365,155.89714,0.032872796,19.47632,0,76,764.40656
6/24/2026 0:48,28764.498,32164.354,20.268337,34.765076,1.0136929,20.90683,4.1545467,50.670498,79.328964,7.146729,-18.754005,161.71455,0.030853812,19.465834,0,76,764.40656
6/24/2026 1:18,28114.701,31474.41,19.789328,35.56858,1.0133423,20.458366,3.9307168,47.754765,74.7699,7.1229277,-17.352104,164.2561,0.03511971,19.4113,0,76,764.40656
6/24/2026 1:48,27608.562,30962.445,19.433756,36.220646,1.0130918,20.12559,3.812336,46.145912,72.25928,7.107911,-16.465187,179.05713,0.030817019,19.328743,0,76,764.40656
6/24/2026 2:18,27007.05,30350.316,19.009766,37.027367,1.0127923,19.727707,3.5979314,43.36108,67.90766,7.0897307,-15.392303,182.46173,0.042164315,19.232677,0,76,764.40656
6/24/2026 2:48,26238.855,29583.857,18.479778,38.11142,1.0124253,19.229507,3.5032914,41.964275,65.734024,7.074105,-14.467239,190.97806,0.038167235,19.080185,0,75,764.40656
6/24/2026 3:18,25400.635,28841.379,17.963953,39.369095,1.0121076,18.746897,3.5556014,42.192787,66.121475,7.0737295,-14.429092,189.57138,0.15862179,18.753984,0,75,764.40656
6/24/2026 3:48,23997.215,27279.64,16.899712,41.6715,1.0113117,17.731766,3.2006524,37.701256,59.08698,7.053598,-13.246536,179.71039,0.032927614,18.700258,0,75,764.40656
6/24/2026 4:18,36092.527,41987.34,27.130672,27.706566,1.0193388,27.29177,6.6657767,81.79061,128.3626,7.724286,-52.366257,217.70477,0.030528612,17.649477,0,75,764.40656
6/24/2026 4:48,36409.97,42422.49,27.439386,27.465006,1.0195906,27.57462,7.138304,87.63288,137.5437,7.802416,-56.915283,244.48871,0.031635113,17.579605,0,75,764.40656
6/24/2026 5:18,36509.113,42545.668,27.527407,27.39042,1.0196598,27.654684,7.174529,88.11047,138.29472,7.812244,-57.487488,218.02426,0.027327007,17.571514,0,75,764.40656
6/24/2026 5:48,36552.55,42582.312,27.554432,27.357872,1.019677,27.678503,7.149238,87.83941,137.86667,7.814889,-57.644844,245.97168,0.024453847,17.586254,0,75,764.40656
6/24/2026 6:18,36683.336,42688.043,27.632736,27.260334,1.0197256,27.747229,7.2317467,88.9794,139.6472,7.826726,-58.345795,272.9702,0.028522532,17.635351,0,75,764.40656
6/24/2026 6:48,36743.508,42725.18,27.66109,27.215693,1.0197392,27.771366,7.302532,89.92596,141.12654,7.834771,-58.82263,284.1139,0.027596854,17.669977,0,75,764.40656
6/24/2026 7:18,36777.973,42734.215,27.669155,27.190187,1.0197378,27.777239,7.378801,90.92696,142.69156,7.8391485,-59.084892,246.47713,0.028026452,17.702682,0,75,764.40656
6/24/2026 7:48,36801.734,42676.402,27.631918,27.172632,1.0196885,27.739662,7.399144,91.31611,143.28568,7.832795,-58.732033,227.83755,0.025230939,17.792871,0,75,764.40656
6/24/2026 8:18,36894.855,42664.79,27.629538,27.10405,1.0196573,27.732113,7.3742085,91.229485,143.12637,7.8242006,-58.255196,252.78568,4.0344825,17.919436,0,75,764.40656
6/24/2026 8:48,37038.434,42615.984,27.605003,26.998981,1.019585,27.70039,7.4578743,92.65644,145.32188,7.825376,-58.369637,279.09277,3.595839,18.147682,0,75,764.40656
6/24/2026 9:18,37325.188,42694.547,27.673594,26.79156,1.0195737,27.751457,7.4573326,93.16426,146.06664,7.823075,-58.288574,248.79456,0.0273356,18.415592,0,75,764.40656
6/24/2026 9:48,37391.332,42393.504,27.474575,26.744165,1.0193245,27.555779,7.3295255,92.169945,144.42865,7.789484,-56.4003,224.33759,0.021647098,18.822313,0,75,764.40656
6/24/2026 10:18,36590.64,41206.836,26.634956,27.329393,1.0186095,26.784443,6.928207,87.20368,136.588,7.692515,-50.768852,226.46904,0.020869728,19.134819,0,75,764.40656
6/24/2026 10:48,34759.465,38749.977,24.897741,28.769142,1.0171732,25.187485,6.5999866,82.95903,129.8532,7.579109,-44.18373,248.73734,0.022961134,19.608326,0,75,764.40656
6/24/2026 11:18,32194.3,35438.188,22.573883,31.061398,1.0152627,23.03482,6.164095,77.29022,120.87519,7.429778,-35.476685,238.42334,0.025546804,20.207516,0,75,764.40656
6/24/2026 11:48,30541.75,33081.406,20.94245,32.742065,1.0138354,21.502914,5.98857,75.45658,117.87054,7.3317266,-29.77848,264.0581,0.02279999,20.980633,0,75,764.40656
6/24/2026 12:18,29821.002,31911.084,20.140018,33.533413,1.0130798,20.742205,6.00225,76.10461,118.773384,7.289145,-27.318,256.57178,0.02550046,21.570835,0.009,75,764.40656
6/24/2026 12:48,28795.193,30334.887,19.061563,34.72802,1.0120676,19.717676,6.0710406,77.59062,120.94128,7.2660027,-26.016235,287.07028,0.023207046,22.342592,0.009,75,764.40656
6/24/2026 13:18,28060.955,29161.232,18.262423,35.636707,1.0112867,18.954802,6.185404,79.6737,124.0455,7.247276,-24.962425,266.59967,0.033956803,23.024565,0.027,75,764.40656
6/24/2026 13:48,27353.299,27946.443,17.43904,36.558662,1.010436,18.165188,6.334874,82.49299,128.23991,7.2398996,-24.59526,294.72827,0.025138207,23.888779,0.036,75,764.40656
6/24/2026 14:18,26995.992,27210.826,16.942892,37.042534,1.0098727,17.687038,6.5632095,86.29622,133.98067,7.251932,-25.372505,292.62067,0.026242107,24.586641,0.045,75,764.40656
6/24/2026 14:48,26839.924,26859.799,16.706558,37.25793,1.0095913,17.45887,6.6998315,88.562355,137.40176,7.255541,-25.62046,307.5075,0.029317338,24.96126,0.063,75,764.40656
6/24/2026 15:18,26900.54,26847.252,16.69921,37.173977,1.0095459,17.450714,6.9293833,91.82478,142.42441,7.2634563,-26.106834,280.17044,0.033494934,25.10392,0.072,75,764.40656
6/24/2026 15:48,32906.715,32801.86,20.81747,30.388935,1.0126163,21.321209,8.072583,109.6297,170.01991,7.6948433,-51.956177,241.22238,0.1781707,25.16736,0.063,75,764.40656
6/24/2026 16:18,39572.89,42644.637,27.74508,25.269825,1.018923,27.719015,8.22031,108.28221,169.08253,7.91132,-64.06784,233.79326,0.033537872,21.228731,0.018,75,764.40656
6/24/2026 16:48,39311.637,42951.895,27.94479,25.437761,1.019248,27.918732,8.270195,107.74148,168.40944,7.916284,-64.21566,231.33755,0.036219716,20.562723,0,75,764.40656
6/24/2026 17:18,39168.234,43044.816,28.001993,25.530893,1.0193626,27.97913,8.2926445,107.51673,168.12766,7.918043,-64.258575,219.1925,0.03756142,20.284859,0,75,764.40656
6/24/2026 17:48,38909.816,43029.97,27.980145,25.700455,1.0194216,27.96948,8.183543,105.50306,165.05084,7.9109707,-63.77697,233.00171,0.04060887,19.986872,0,75,764.40656
6/24/2026 18:18,38719.44,43113.55,28.028065,25.826818,1.0195391,28.023808,8.129152,104.20168,163.09073,7.9066515,-63.45272,235.21423,0.03785823,19.663904,0,75,764.40656
6/24/2026 18:48,38588.977,43093.637,28.008247,25.914137,1.0195582,28.010864,8.098366,103.52931,162.06993,7.9047217,-63.30967,240.51666,0.06536847,19.527126,0,75,764.40656
6/24/2026 19:18,38578.332,43119.44,28.025248,25.921286,1.0195813,28.027637,8.138468,103.97258,162.77322,7.9073067,-63.45272,215.52563,0.040238343,19.486143,0,75,764.40656
6/24/2026 19:48,38325.77,43092.88,27.994719,26.092106,1.0196267,28.010372,8.003702,101.699425,159.2766,7.894608,-62.646866,236.47308,0.036871217,19.208164,0,75,764.40656
6/24/2026 20:18,38229.117,43124.055,28.01091,26.158072,1.0196761,28.030636,7.8464065,99.42671,155.74977,7.8822393,-61.888695,254.09222,0.039224915,19.057158,0,75,764.40656
6/24/2026 20:48,38287.67,43099.145,27.997034,26.118067,1.0196415,28.014444,7.7091537,97.86014,153.27498,7.8705134,-61.221123,275.1112,0.3496019,19.155115,0,75,764.40656
6/24/2026 21:18,38459.152,43134.285,28.029436,26.001614,1.0196242,28.037287,7.5397577,96.035774,150.38188,7.854968,-60.343742,252.56157,0.041037224,19.325367,0,75,764.40656
6/24/2026 21:48,38656.79,43159.535,28.05628,25.868677,1.019592,28.0537,6.7287083,86.061386,134.7227,7.7443795,-53.887367,256.33334,0.033042703,19.537804,0,75,764.40656
6/24/2026 22:18,38964.016,43269.793,28.145958,25.664705,1.0195973,28.125366,6.170902,79.34227,124.15974,7.6467295,-48.189163,257.18213,0.034513474,19.79005,0,75,764.40656
6/24/2026 22:48,39059.89,43129.742,28.055029,25.60171,1.0194602,28.034334,5.97711,77.19587,120.7538,7.609859,-46.06247,247.82181,0.03190741,20.059526,0,75,764.40656
6/24/2026 23:18,38690.895,42317.266,27.484516,25.845875,1.0189111,27.506222,5.766616,74.854225,117.012405,7.567495,-43.63537,218.46771,0.03266047,20.513357,0,75,764.40656
6/24/2026 23:48,37054.656,39975.62,25.821926,26.987162,1.0174798,25.984154,5.5040503,71.61897,111.84236,7.4783015,-38.461685,231.72855,0.030525101,21.174416,0,75,764.40656
6/25/2026 0:18,35090.35,37536.426,24.093126,28.497862,1.0160633,24.398678,5.1601467,66.97536,104.52286,7.3816013,-32.79209,202.25525,0.03174029,21.588202,0.009,75,764.40656
6/25/2026 0:48,33836.168,36084.84,23.068327,29.554174,1.0152496,23.455145,4.9006767,63.40169,98.92222,7.318677,-29.082298,184.70764,0.030544657,21.737366,0.009,75,764.40656
6/25/2026 1:18,32816.914,34996.734,22.301136,30.472092,1.0146694,22.747877,4.616432,59.45951,92.771225,7.269718,-26.183128,195.75119,0.036009353,21.73893,0.009,75,764.40656
6/25/2026 1:48,32104.11,34281.57,21.797253,31.14866,1.0143052,22.28302,4.378712,56.165718,87.64112,7.236392,-24.204254,214.81514,0.032824747,21.674507,0.009,75,764.40656
6/25/2026 2:18,31308.07,33509.992,21.25436,31.940647,1.0139246,21.781496,4.131037,52.709656,82.26328,7.2016654,-22.13955,206.58969,0.033804968,21.559717,0.009,75,764.40656
6/25/2026 2:48,30708.777,32969.777,20.873867,32.56398,1.0136752,21.430355,3.8551962,48.944836,76.40568,7.1756577,-20.589828,210.40916,0.03656344,21.409527,0,75,764.40656
6/25/2026 3:18,30163.92,32544.59,20.572483,33.15219,1.013508,21.153984,3.577449,45.137615,70.48874,7.152303,-19.192696,182.67632,0.04076495,21.170105,0.009,75,764.40656
6/25/2026 3:48,29410.014,31862.576,20.094145,34.002026,1.0131963,20.710674,3.5504196,44.504963,69.522224,7.134602,-18.134117,229.60663,0.036123272,20.969994,0,75,764.40656
6/25/2026 4:18,28830.203,31449.85,19.800941,34.68585,1.0130565,20.442404,3.4805384,43.284775,67.650185,7.134625,-18.115044,227.66113,0.03614506,20.638952,0,75,764.40656
6/25/2026 4:48,27883.959,30529.57,19.161121,35.862915,1.0126152,19.844221,3.5379987,43.689247,68.30034,7.1172605,-17.080307,235.25714,0.03826562,20.462965,0,75,764.40656
6/25/2026 5:18,36239.625,41642.17,26.908648,27.594105,1.0190395,27.067411,5.948519,73.680984,115.55177,7.6088824,-45.71438,208.46844,0.03239046,18.207466,0,75,764.40656
6/25/2026 5:48,37288.348,43207.105,28.01532,26.81803,1.019973,28.084618,6.922476,85.6884,134.44907,7.780449,-55.680275,271.9593,0.033957552,17.82797,0,75,764.40656
6/25/2026 6:18,37392.023,43274.273,28.06635,26.743671,1.019999,28.128279,7.094997,87.94436,137.97894,7.804336,-57.086945,271.86395,0.03235837,17.88327,0,75,764.40656
6/25/2026 6:48,37502.4,43307.51,28.09501,26.66496,1.0199978,28.149881,7.3359447,91.11944,142.94214,7.8310003,-58.665276,279.40274,0.032912116,17.98199,0,75,764.40656
6/25/2026 7:18,37555.254,43313.246,28.101887,26.627432,1.0199895,28.15361,7.3858767,91.84556,144.0704,7.8356934,-58.951378,259.55676,0.028072475,18.039875,0,75,764.40656
6/25/2026 7:48,37603.52,43294.047,28.09175,26.593256,1.0199631,28.14113,7.463028,92.93921,145.77095,7.843574,-59.428215,283.38434,0.030776715,18.118376,0,75,764.40656
6/25/2026 8:18,37725.355,43323.75,28.118572,26.507372,1.0199564,28.160437,7.5690155,94.483894,148.17117,7.8527846,-59.990883,283.81824,0.030220116,18.234434,0,75,764.40656
6/25/2026 8:48,37829.516,43320.227,28.121996,26.434385,1.0199281,28.158148,7.5812798,94.873886,148.75726,7.8520846,-59.976578,292.53006,0.031648688,18.36403,0,75,764.40656
6/25/2026 9:18,37952.457,43365.742,28.159403,26.348755,1.0199326,28.187733,7.625904,95.63663,149.93317,7.8566175,-60.26268,269.22702,0.032082148,18.464472,0,75,764.40656
6/25/2026 9:48,38093.746,43301.92,28.124004,26.251028,1.0198483,28.14625,7.7495975,97.60893,152.97623,7.8583803,-60.415268,287.2038,0.026887277,18.702833,0,75,764.40656
6/25/2026 10:18,38601.223,43346.715,28.18053,25.905914,1.0197533,28.175365,7.7064443,98.14139,153.6913,7.840878,-59.50451,281.71063,0.026771909,19.26819,0,75,764.40656
6/25/2026 10:48,38921.094,43312.734,28.173136,25.693008,1.0196426,28.153276,7.7525625,99.51103,155.74309,7.8330083,-59.127808,281.682,0.023674661,19.691425,0,75,764.40656
6/25/2026 11:18,38761.1,42497.82,27.610748,25.79906,1.0190369,27.623583,7.241294,93.86307,146.75269,7.7333665,-53.396225,262.1603,0.029137703,20.396473,0,75,764.40656
6/25/2026 11:48,37147.062,40445.043,26.144865,26.920029,1.017839,26.289278,6.8608975,88.71549,138.63503,7.626009,-47.121048,283.42725,0.02254935,20.730772,0.009,75,764.40656
6/25/2026 12:18,33894.777,36052.875,23.048698,29.50307,1.0152012,23.434368,6.129278,79.47457,123.974236,7.41271,-34.66606,280.42316,0.023826452,21.866009,0.009,75,764.40656
6/25/2026 12:48,32164.047,33835.8,21.499655,31.090614,1.0138878,21.99327,5.980243,77.61866,120.970825,7.3345046,-30.088425,289.33047,0.024792807,22.4132,0.018,75,764.40656
6/25/2026 13:18,31736.766,33035.184,20.948652,31.509197,1.0133318,21.47287,6.0179086,78.61006,122.4068,7.309702,-28.66745,273.40887,0.03130702,22.942196,0.018,75,764.40656
6/25/2026 13:48,30168.229,30867.127,19.451777,33.147453,1.011969,20.063631,6.152129,80.93532,125.83526,7.270786,-26.431084,306.67783,0.028551895,23.814547,0.036,75,764.40656
6/25/2026 14:18,29575.635,29903.367,18.791904,33.811615,1.0113049,19.43719,6.348993,84.12444,130.64783,7.2575073,-25.691986,307.24048,0.031474914,24.426195,0.045,75,764.40656
6/25/2026 14:48,29647.438,29641.318,18.617105,33.72973,1.01101,19.266857,6.4704814,86.54106,134.2531,7.2563457,-25.672913,315.423,0.029162418,25.010809,0.063,75,764.40656
6/25/2026 15:18,29482.926,29344.414,18.414413,33.91794,1.0107912,19.07387,6.9991045,93.89391,145.5935,7.2748647,-26.803017,304.1792,0.034048952,25.247133,0.072,75,764.40656
6/25/2026 15:48,29507.994,29164.688,18.293797,33.889122,1.0105954,18.957048,7.3060584,98.58205,152.75266,7.292989,-27.923584,318.8753,0.032461543,25.616302,0.081,75,764.40656
6/25/2026 16:18,28146.064,27144.889,16.915478,35.528946,1.0091809,17.644178,8.139768,111.502594,172.30876,7.362242,-32.219887,309.3004,0.03544241,26.93103,0.099,75,764.40656
6/25/2026 16:48,40667.46,39519.07,25.60565,24.589684,1.0158088,25.687395,9.687917,138.3796,214.02634,7.950655,-67.5869,287.37546,0.027247088,26.521421,0.09,75,764.40656
6/25/2026 17:18,42448.363,42462.383,27.709576,23.558035,1.0178498,27.600548,10.187303,143.42044,222.5033,8.025502,-71.72108,258.22162,0.028588332,24.982716,0.054,75,764.40656
6/25/2026 17:48,42248.87,42598.074,27.799803,23.669271,1.0180384,27.68875,10.291944,143.93636,223.47742,8.039042,-72.431564,277.70996,0.035922084,24.570805,0.045,75,764.40656
6/25/2026 18:18,42010.49,43039.523,28.102234,23.80358,1.0185032,27.97569,10.21011,140.99649,219.24213,8.030403,-71.71631,275.9218,0.038555637,23.748215,0.036,75,764.40656
6/25/2026 18:48,41611.11,43233.64,28.225372,24.032043,1.0187972,28.101866,9.715707,132.583,206.4173,8.008928,-70.26672,286.60773,0.039743233,23.03511,0.027,75,764.40656
6/25/2026 19:18,40953.824,43300.773,28.249638,24.417744,1.0190558,28.145504,9.320294,125.23532,195.26352,7.9911933,-69.00787,260.38647,0.04452763,22.162245,0.018,75,764.40656
6/25/2026 19:48,40308,43328.66,28.244534,24.808971,1.0192697,28.16363,9.156207,121.23135,189.26675,7.984082,-68.39752,291.96262,0.042044386,21.35,0.009,75,764.40656
6/25/2026 20:18,40224.137,43308.137,28.227076,24.860695,1.0192772,28.150288,8.9549265,118.384926,184.84552,7.9808416,-68.18771,286.42178,0.17428882,21.271694,0.009,75,764.40656
6/25/2026 20:48,39862.01,43322.254,28.221914,25.086542,1.0193921,28.159466,8.726752,114.41153,178.76631,7.9653354,-67.16728,294.0607,0.4237485,20.818213,0,75,764.40656
6/25/2026 21:18,39843.516,43364.73,28.250269,25.098186,1.0194317,28.187075,8.434599,110.45857,172.60811,7.936843,-65.46974,272.33124,0.5184503,20.74869,0,75,764.40656
6/25/2026 21:48,39957.64,43342.367,28.23972,25.026503,1.0193814,28.172539,8.368869,109.918755,171.72202,7.933807,-65.32669,271.66367,0.5240058,20.911375,0,75,764.40656
6/25/2026 22:18,40251.055,43394.42,28.287525,24.84407,1.0193399,28.206375,7.8250175,103.36296,161.40645,7.875422,-61.941147,269.92322,0.18879834,21.20748,0,75,764.40656
6/25/2026 22:48,40665.34,43432.59,28.330078,24.590967,1.019251,28.231182,6.8376894,91.0972,142.15062,7.73672,-53.82538,270.31897,0.038619667,21.664206,0.009,75,764.40656
6/25/2026 23:18,41042.113,43379.35,28.307217,24.365217,1.0190947,28.196579,6.451214,86.73947,135.23807,7.664544,-49.63875,248.31296,0.038994785,22.179106,0.018,75,764.40656
6/25/2026 23:48,41203.223,43016.92,28.061396,24.269947,1.0187405,27.960999,6.2031507,84.20521,131.15263,7.623094,-47.278404,254.39262,0.038697556,22.79254,0.018,75,764.40656
6/26/2026 0:18,40715.27,42115.5,27.419714,24.56081,1.0181258,27.375076,6.0306115,82.24001,127.989136,7.5789046,-44.722557,246.98257,0.038931493,23.2593,0.027,75,764.40656
6/26/2026 0:48,38469.117,39478.76,25.527786,25.994877,1.016586,25.661194,5.7582474,78.22974,121.66203,7.47685,-38.700104,232.27216,0.038305514,23.661026,0.027,75,764.40656
6/26/2026 1:18,36395.57,37301.777,23.973139,27.475872,1.0153955,24.246155,5.2834153,71.22503,110.75514,7.37177,-32.444,191.23553,0.04022332,23.728064,0.036,75,764.40656
6/26/2026 1:48,35023.27,35912.156,22.986221,28.552446,1.0146589,23.342901,4.9793725,66.71819,103.751434,7.309984,-28.758049,210.36148,0.03915729,23.704102,0.027,75,764.40656
6/26/2026 2:18,34170.24,35099.504,22.410263,29.265234,1.0142502,22.814676,4.5922375,61.22913,95.230835,7.2564435,-25.558472,216.56512,0.04021812,23.613863,0.036,75,764.40656
6/26/2026 2:48,33325.83,34318.9,21.858147,30.006756,1.0138699,22.307283,4.2201524,55.960484,87.05623,7.218368,-23.27919,239.2292,0.04106189,23.484997,0.027,75,764.40656
6/26/2026 3:18,32660.215,33692.996,21.416994,30.618292,1.0135622,21.900448,3.8816736,51.258987,79.75482,7.1838965,-21.219254,198.49301,0.115579985,23.395147,0.027,75,764.40656
6/26/2026 3:48,32050.47,33142.152,21.02906,31.20079,1.0133026,21.5424,3.570008,46.936977,73.04539,7.1495967,-19.168854,227.41794,0.14644903,23.275427,0.036,75,764.40656
6/26/2026 4:18,31784.76,32952.008,20.89391,31.461618,1.0132359,21.418806,3.358809,44.022575,68.52532,7.1348324,-18.281937,228.93906,0.14583491,23.14541,0.027,75,764.40656
6/26/2026 4:48,31117.74,32306.59,20.442068,32.13601,1.012915,20.999285,3.2504041,42.43558,66.063225,7.119036,-17.3378,245.1992,0.11959981,23.073353,0.018,75,764.40656
6/26/2026 5:18,30528.736,31775.486,20.0701,32.756023,1.0126688,20.654066,3.1819153,41.35662,64.39762,7.094703,-15.883446,228.36209,0.12210079,22.945747,0.009,75,764.40656
6/26/2026 5:48,29702.102,31208.197,19.66832,33.667652,1.0124909,20.28533,2.6120405,33.58095,52.33161,7.104126,-16.417503,243.68762,0.86226535,22.473318,0.018,75,764.40656
6/26/2026 6:18,37150.383,41420.676,26.80622,26.917624,1.0186253,26.923439,6.994704,88.91054,139.17009,7.749044,-54.17347,283.3748,0.37721905,19.60232,0,75,764.40656
6/26/2026 6:48,37728.49,42403.19,27.49827,26.50517,1.019244,27.562075,7.2434835,91.80277,143.77296,7.81438,-57.940483,294.56616,0.11222788,19.228058,0,75,764.40656
6/26/2026 7:18,37694.36,42572.96,27.61121,26.52917,1.0193855,27.672424,7.449397,94.07039,147.37071,7.841645,-59.494972,273.50427,0.07413424,19.00032,0,75,764.40656
6/26/2026 7:48,37133.926,41883.78,27.117968,26.929552,1.0189948,27.224459,7.516452,94.7504,148.4233,7.8372035,-59.247017,297.81818,0.04046473,19.062536,0,75,764.40656
6/26/2026 8:18,37307.406,42008.227,27.210575,26.804329,1.0190462,27.305347,7.4939556,94.65964,148.26498,7.8310013,-58.898926,297.16492,0.08135099,19.141237,0,75,764.40656
6/26/2026 8:48,37462.4,42121.574,27.294798,26.693432,1.0190936,27.379023,7.498974,94.89147,148.61418,7.8235416,-58.47454,304.3413,0.111679986,19.208765,0,75,764.40656
6/26/2026 9:18,37626.594,42185.027,27.34577,26.576948,1.0190997,27.420269,7.554635,95.86622,150.11273,7.823573,-58.50315,278.89728,0.06380181,19.342508,0,75,764.40656
6/26/2026 9:48,37696.684,42164.523,27.335321,26.527533,1.0190648,27.40694,7.419785,94.34383,147.70613,7.8120823,-57.849884,304.9135,0.086359605,19.452246,0,75,764.40656
6/26/2026 10:18,37773.715,42232.97,27.385365,26.473436,1.0190979,27.45143,7.415423,94.35105,147.71332,7.80804,-57.616234,270.83875,0.16161677,19.471882,0,75,764.40656
6/26/2026 10:48,37815.25,42187.844,27.356813,26.444357,1.0190511,27.422098,7.4685063,95.191895,149.00829,7.8094845,-57.721138,289.64044,0.07064378,19.573515,0,75,764.40656
6/26/2026 11:18,37822.273,42038.137,27.255697,26.439447,1.0189304,27.32479,7.3637543,94.110146,147.27803,7.796978,-57.020187,270.7529,0.040621873,19.749392,0,75,764.40656
6/26/2026 11:48,37869.63,41757.97,27.067755,26.406385,1.0186936,27.14268,7.0015054,90.0098,140.78459,7.7430305,-53.915977,288.98715,0.24908148,20.124811,0,75,764.40656
6/26/2026 12:18,36158.715,39054.91,25.16185,27.65585,1.0169944,25.385693,6.2652845,81.124596,126.69779,7.565895,-43.6306,281.0049,0.037875246,21.117434,0,75,764.40656
6/26/2026 12:48,33690.016,35707.684,22.808838,29.682384,1.0149739,23.209995,5.5811844,72.49913,113.06093,7.395953,-33.693314,277.75763,0.03276298,22.041615,0.009,75,764.40656
6/26/2026 13:18,31582.135,33044.547,20.950695,31.663471,1.0134025,21.478956,5.1363363,66.7805,104.0323,7.274568,-26.555061,246.00029,0.0347072,22.682941,0.018,75,764.40656
6/26/2026 13:48,29834.928,30787.492,19.390562,33.51776,1.0120409,20.01187,5.005619,65.31683,101.63038,7.210179,-22.78328,265.77948,0.03367803,23.380104,0.018,75,764.40656
6/26/2026 14:18,28673.75,29149.896,18.2687,34.875103,1.0109895,18.947433,5.0406637,66.256,102.950836,7.177008,-20.861626,277.06146,0.035131253,24.144794,0.036,75,764.40656
6/26/2026 14:48,27319.861,27379.54,17.060984,36.603405,1.0098782,17.7967,5.052532,66.83273,103.703804,7.148414,-19.202232,301.70917,0.032483038,24.885883,0.054,75,764.40656
6/26/2026 15:18,26219.516,25947.266,16.089619,38.13953,1.0089636,16.865723,5.32231,70.840576,109.7818,7.1341877,-18.39161,290.73715,0.040184725,25.549345,0.054,75,764.40656
6/26/2026 15:48,25039.883,24499.533,15.11238,39.93629,1.0080596,15.924697,5.5795345,74.64524,115.537895,7.126666,-17.97676,316.2813,0.0354278,26.154736,0.072,75,764.40656
6/26/2026 16:18,24356.076,23599.969,14.50864,41.057518,1.0074573,15.33998,5.755956,77.44833,119.747444,7.128124,-18.09597,319.3903,0.03724654,26.677406,0.09,75,764.40656
6/26/2026 16:48,23855.293,23055.125,14.143207,41.91942,1.0071435,14.985832,6.0795093,81.83295,126.48968,7.1321797,-18.348694,327.24857,0.03664567,26.817108,0.09,75,764.40656
6/26/2026 17:18,33405.45,32551.848,20.655264,29.935236,1.0121433,21.158703,8.2265,113.9821,176.34581,7.722983,-53.858757,282.80258,0.05774904,26.372921,0.081,75,764.40656
6/26/2026 17:48,38794.36,39640.48,25.648464,25.776943,1.0166146,25.766312,9.948633,135.78358,211.08551,8.00292,-70.10937,293.05936,0.5374324,23.88247,0.036,75,764.40656
6/26/2026 18:18,39330.6,40539.355,26.285501,25.425495,1.0172195,26.350582,10.242202,139.2064,216.57726,8.043266,-72.40772,287.11795,0.46606925,23.438911,0.036,75,764.40656
6/26/2026 18:48,38915.156,41063.473,26.634033,25.696928,1.0178065,26.691257,9.961733,132.83899,207.08536,8.041603,-72.021484,288.51508,0.3910741,22.260891,0.027,75,764.40656
6/26/2026 19:18,38457.438,41300.547,26.780155,26.002773,1.0181478,26.845354,9.619153,126.38011,197.29083,8.02566,-70.86754,268.54517,0.21791144,21.395838,0.009,75,764.40656
6/26/2026 19:48,38232.746,41347.266,26.803335,26.15559,1.0182542,26.875723,9.416929,122.973,192.07347,8.018811,-70.381165,294.55185,0.38151577,21.056238,0,75,764.40656
6/26/2026 20:18,38101.777,41436.832,26.85916,26.245495,1.0183665,26.93394,9.195135,119.52068,186.75842,8.005769,-69.5467,294.55185,0.41937396,20.786112,0,75,764.40656
6/26/2026 20:48,38023.02,41653.023,27.003126,26.299858,1.018565,27.074467,8.927486,115.393616,180.40422,7.9842005,-68.19248,300.6506,0.48336133,20.437243,0,75,764.40656
6/26/2026 21:18,37943.02,41875.176,27.150654,26.355309,1.0187669,27.218864,8.8124075,113.25882,177.1591,7.9732866,-67.46769,282.75967,0.5117821,20.083673,0,75,764.40656
6/26/2026 21:48,37911.953,41886.844,27.157183,26.376905,1.0187849,27.226448,8.689676,111.5776,174.5426,7.9623137,-66.809654,305.9578,0.6841201,20.031628,0.009,75,764.40656
6/26/2026 22:18,38013.06,41938.254,27.196648,26.30675,1.0187978,27.259865,8.478112,109.02487,170.53238,7.9440746,-65.751076,275.89322,0.5484798,20.099758,0.009,75,764.40656
6/26/2026 22:48,38046.855,41843.887,27.13401,26.28338,1.0187124,27.198526,8.215049,105.89652,165.60283,7.914049,-64.01539,274.4627,0.3653947,20.249065,0,75,764.40656
6/26/2026 23:18,38184.754,41709.938,27.048788,26.188463,1.0185646,27.11146,7.3786736,95.64336,149.49625,7.790615,-56.80561,246.9206,0.03988775,20.575045,0,75,764.40656
6/26/2026 23:48,38277.71,41501.883,26.910727,26.124865,1.0183678,26.976223,6.499051,84.73,132.36629,7.6305475,-47.421455,251.1406,0.037722796,20.932602,0,75,764.40656
6/27/2026 0:18,38411.977,41244.066,26.739763,26.033546,1.0181148,26.808643,6.202198,81.4811,127.19761,7.5559044,-43.082237,236.0773,0.040191155,21.404888,0.009,75,764.40656
6/27/2026 0:48,38065.082,40377.47,26.133507,26.270796,1.0174977,26.245356,5.9958525,79.349106,123.75137,7.5058413,-40.20214,229.78305,0.03867607,22.001612,0.009,75,764.40656
6/27/2026 1:18,36304.727,38000.12,24.448679,27.544622,1.0160464,24.700079,5.6093383,74.39684,115.9009,7.4020615,-34.127235,194.61154,0.03665837,22.664108,0.018,75,764.40656
6/27/2026 1:48,33552.992,34825.336,22.207636,29.8036,1.0142415,22.636467,5.136224,67.75944,105.48461,7.2903895,-27.532578,180.30167,0.038207594,23.087173,0.027,75,764.40656
6/27/2026 2:18,31816.775,32946.875,20.891283,31.42996,1.013218,21.41547,4.695869,61.611233,95.89401,7.214973,-23.055077,176.13889,0.047848,23.204157,0.027,75,764.40656
6/27/2026 2:48,30802.084,31888.87,20.15326,32.465336,1.0126592,20.727764,4.305887,56.266354,87.57327,7.1666465,-20.179749,183.07208,0.041525304,23.215685,0.027,75,764.40656
6/27/2026 3:18,30014.969,31103.488,19.60663,33.31671,1.0122606,20.217268,3.958643,51.5214,80.194855,7.13513,-18.30101,188.17902,0.08210512,23.167711,0.027,75,764.40656
6/27/2026 3:48,29351.127,30453.822,19.1555,34.070244,1.011938,19.794985,3.6324227,47.098743,73.31888,7.1076245,-16.66069,207.057,0.04513206,23.104254,0.027,75,764.40656
6/27/2026 4:18,28817.268,29944.178,18.802155,34.701416,1.0116917,19.463717,3.3342679,43.086422,67.0815,7.086931,-15.425682,207.59106,0.20622602,23.029648,0.027,75,764.40656
6/27/2026 4:48,28130.555,29285.287,18.346571,35.548534,1.0113736,19.035437,3.0526936,39.27693,61.160343,7.063998,-14.057159,214.09512,0.13122624,22.93558,0.018,75,764.40656
6/27/2026 5:18,27739.648,28950.826,18.114748,36.049484,1.0112321,18.818039,2.9083238,37.283676,58.06897,7.052305,-13.356209,208.81653,0.52744776,22.80965,0.027,75,764.40656
6/27/2026 5:48,27227.537,28476.834,17.78784,36.727524,1.011014,18.509943,2.728397,34.84314,54.277653,7.0333652,-12.226105,233.74081,0.2194634,22.70311,0.018,75,764.40656
6/27/2026 6:18,25807.588,27055.697,16.814737,38.748295,1.0103118,17.586205,2.631498,33.34468,51.95372,7.00639,-10.6191635,234.84708,0.22564226,22.584759,0.009,75,764.40656
6/27/2026 6:48,37004.54,41207.617,26.655392,27.023712,1.0184965,26.78495,6.8187246,86.68963,135.68263,7.7041006,-51.54133,266.70932,0.16986786,19.65981,0,75,764.40656
6/27/2026 7:18,37508.773,42255.344,27.387423,26.660429,1.0191863,27.465975,7.437788,94.0091,147.25063,7.832216,-58.965683,268.36395,0.14668204,19.118816,0,75,764.40656
6/27/2026 7:48,37463.473,42288.668,27.407616,26.692667,1.019224,27.487635,7.615651,96.100235,150.54535,7.8587027,-60.5011,290.2508,0.100435376,19.026104,0,75,764.40656
6/27/2026 8:18,37497.453,42332.3,27.438778,26.668478,1.0192493,27.515995,7.6507564,96.55058,151.25201,7.865468,-60.896873,291.20447,0.15712762,19.020325,0,75,764.40656
6/27/2026 8:48,37430.98,42352.125,27.448738,26.715837,1.0192821,27.528883,7.730743,97.373985,152.5637,7.8787637,-61.655045,298.47144,0.0638847,18.916445,0,75,764.40656
6/27/2026 9:18,37469.875,42406.02,27.487072,26.688107,1.0193139,27.563913,7.8481665,98.8553,154.88689,7.887583,-62.17003,281.49127,0.03976077,18.905655,0,75,764.40656
6/27/2026 9:48,37606.63,42431.812,27.511478,26.591057,1.0192983,27.580679,8.042025,101.58224,159.12872,7.9025126,-63.07602,302.701,0.037366584,19.046272,0,75,764.40656
6/27/2026 10:18,37848.62,42448.586,27.534912,26.421041,1.0192478,27.591581,8.075017,102.553696,160.58798,7.8938518,-62.627792,303.51163,0.038865097,19.32641,0,75,764.40656
6/27/2026 10:48,37890.566,42431.98,27.525732,26.391794,1.0192233,27.580788,8.002979,101.76732,159.34096,7.8931093,-62.599182,299.94965,0.03983155,19.396433,0,75,764.40656
6/27/2026 11:18,38150.723,42454.12,27.55325,26.211823,1.0191709,27.595179,8.16204,104.386,163.37247,7.899166,-63.0188,274.02402,0.042272482,19.692886,0,75,764.40656
6/27/2026 11:48,38390.44,42425.996,27.545275,26.048151,1.0190827,27.576899,8.243905,106.07369,165.93556,7.8950553,-62.847137,300.0927,0.029881274,20.019903,0,75,764.40656
6/27/2026 12:18,38854.992,42390.93,27.541824,25.73672,1.0189239,27.554106,8.20745,106.80903,166.93437,7.875047,-61.798096,293.0927,0.03571511,20.632849,0,75,764.40656
6/27/2026 12:48,39177.375,42207.125,27.429232,25.524937,1.0186802,27.434631,8.014042,105.395065,164.57092,7.824487,-58.937073,290.48444,0.03215221,21.241732,0,75,764.40656
6/27/2026 13:18,37217.85,39297.195,25.364815,26.868826,1.0168554,25.543177,7.5308356,99.62921,155.32198,7.6840954,-50.807,279.96063,0.3248267,22.22967,0.009,75,764.40656
6/27/2026 13:48,34620.754,36214.82,23.181238,28.884409,1.0150814,23.539635,6.902737,90.933205,141.65497,7.517092,-40.96508,296.55457,0.07423007,22.695448,0.018,75,764.40656
6/27/2026 14:18,32059.86,33139.664,21.027622,31.191652,1.0132964,21.540783,6.5589695,86.26281,134.24162,7.3893065,-33.44059,289.5212,0.035074055,23.29406,0.027,75,764.40656
6/27/2026 14:48,30793.273,31762.967,20.068441,32.474625,1.0125452,20.64593,6.3820157,83.63498,130.12776,7.3344164,-30.183792,299.83997,0.04021006,23.401619,0.027,75,764.40656
6/27/2026 15:18,29376.059,30207.812,18.99166,34.041325,1.0116926,19.635078,6.325407,82.614265,128.50417,7.2930956,-27.737617,295.99188,0.18502541,23.558407,0.027,75,764.40656
6/27/2026 15:48,28048.686,28780.883,18.009132,35.652294,1.0109241,18.707573,6.2599497,81.45987,126.6839,7.264285,-26.03054,317.36374,0.12141946,23.668041,0.027,75,764.40656
6/27/2026 16:18,27081.3,27767.164,17.314238,36.92585,1.0103916,18.048656,6.2183037,80.65208,125.419,7.2434316,-24.790764,320.11032,0.2404079,23.70678,0.036,75,764.40656
6/27/2026 16:48,26059.56,26713.338,16.594812,38.373634,1.0098478,17.36367,6.2879558,81.23696,126.32585,7.26557,-26.111603,326.67636,0.34790826,23.718647,0.036,75,764.40656
6/27/2026 17:18,24870.986,25409.334,15.710872,40.207493,1.0091375,16.516068,6.4716964,83.44692,129.72243,7.2433343,-24.8003,307.5552,0.45052767,23.890732,0.036,75,764.40656
6/27/2026 17:48,22595.672,22949.3,14.057105,44.256264,1.0078148,14.917046,7.1695957,92.07622,143.05852,7.262635,-25.978088,331.4209,0.34595558,24.19324,0.045,74,764.40656
6/27/2026 18:18,35373.89,37510.297,24.085112,28.269438,1.0159445,24.381693,8.895997,116.36933,181.48259,7.88437,-62.642097,299.0961,0.3508619,22.018055,0.027,74,764.40656
6/27/2026 18:48,37286.785,40503.06,26.189991,26.819153,1.0178443,26.326988,9.306324,120.61683,188.45503,8.004089,-69.46087,297.6322,0.7745986,20.842503,0,74,764.40656
6/27/2026 19:18,37375.723,40764.74,26.371561,26.755335,1.0180322,26.49708,9.329444,120.6099,188.49995,8.015377,-70.08076,263.06628,0.63213235,20.647333,0,74,764.40656
6/27/2026 19:48,37202.848,40840.418,26.415667,26.879663,1.0181447,26.546272,9.107963,117.10105,183.10094,8.003042,-69.27967,285.41565,0.53085,20.336761,0,74,764.40656
6/27/2026 20:18,37131.668,41008.758,26.526659,26.93119,1.0183012,26.655693,9.020571,115.435684,180.57297,7.9977937,-68.90297,281.25763,0.5810889,20.050106,0,74,764.40656
6/27/2026 20:48,37131.355,41181.95,26.643896,26.931417,1.0184404,26.768267,8.782648,112.04988,175.32741,7.9772787,-67.64889,287.44696,0.7020246,19.850344,0,74,764.40656
6/27/2026 21:18,37261.816,41532.66,26.887178,26.837124,1.0186833,26.99623,8.610688,109.53253,171.44594,7.9610043,-66.63799,268.63574,0.5795593,19.616179,0,74,764.40656
6/27/2026 21:48,37331.355,41751.758,27.038588,26.787134,1.0188378,27.138641,8.371816,106.270966,166.37834,7.941091,-65.431595,286.45993,0.64593565,19.45689,0,74,764.40656
6/27/2026 22:18,37431.754,42040.066,27.238243,26.715286,1.019038,27.326044,8.093888,102.48575,160.49629,7.9184513,-64.058304,284.2903,0.5321673,19.26088,0,74,764.40656
6/27/2026 22:48,37498.473,42221.38,27.363974,26.667753,1.0191623,27.443895,7.781017,98.37958,154.09108,7.8849335,-62.065125,297.06955,0.71348226,19.143429,0,74,764.40656
6/27/2026 23:18,37457.938,42000.586,27.212868,26.696611,1.0189999,27.30038,7.8203673,99.15033,155.25632,7.889509,-62.37507,260.10037,0.6317934,19.33734,0,74,764.40656
6/27/2026 23:48,37394.22,41772.074,27.055338,26.742102,1.0188367,27.15185,7.5388293,95.8075,149.98482,7.848712,-60.014725,275.51175,0.35162982,19.512907,0,74,764.40656
6/28/2026 0:18,37346.887,41427.12,26.819725,26.775993,1.0185755,26.927628,6.731351,85.95718,134.50085,7.7011204,-51.398277,259.20392,0.13770904,19.843359,0,74,764.40656
6/28/2026 0:48,37324.816,41176.945,26.649225,26.791826,1.0183812,26.765015,6.1523657,78.864624,123.35649,7.580111,-44.317245,241.26529,0.04034748,20.102062,0,74,764.40656
6/28/2026 1:18,37157.176,40732.883,26.340754,26.912703,1.0180708,26.476374,6.032654,77.62442,121.362595,7.5393796,-41.96167,207.21912,0.04061931,20.403965,0,74,764.40656
6/28/2026 1:48,36387.3,39596.844,25.538359,27.482115,1.0173725,25.73795,5.8038707,74.81576,116.90951,7.480197,-38.518906,215.47794,0.045494575,20.756256,0,74,764.40656
6/28/2026 2:18,34105.316,36763.555,23.535572,29.320942,1.0157381,23.89631,5.452535,70.056816,109.39606,7.374239,-32.315254,186.60068,0.08587697,21.214327,0.009,74,764.40656
6/28/2026 2:48,32081.674,34408.492,21.88159,31.170443,1.0144242,22.36552,4.9808707,63.668327,99.38208,7.2682037,-26.068687,177.98424,0.040516347,21.459509,0.009,74,764.40656
6/28/2026 3:18,30918.592,33086.824,20.958872,32.343,1.0136988,21.506437,4.6717896,59.516914,92.8859,7.21398,-22.86911,185.1511,0.07812017,21.569029,0.009,74,764.40656
6/28/2026 3:48,30052.406,32138.54,20.298742,33.275208,1.0131919,20.890049,4.363682,55.411285,86.47395,7.1770425,-20.685196,210.12784,0.0740733,21.601536,0.009,74,764.40656
6/28/2026 4:18,29430.951,31467.35,19.832762,33.977837,1.0128374,20.45378,4.043027,51.20996,79.91613,7.1435194,-18.701553,211.63464,0.10027999,21.611797,0.009,74,764.40656
6/28/2026 4:48,28872.184,30871.566,19.419981,34.635414,1.0125263,20.066519,3.7744417,47.690712,74.42444,7.1174226,-17.1566,214.49089,0.046850193,21.609186,0.009,74,764.40656
6/28/2026 5:18,28393.293,30371.764,19.07418,35.219585,1.0122702,19.741648,3.5441952,44.67494,69.720314,7.0998797,-16.117096,206.68506,0.3210596,21.589436,0.009,74,764.40656
6/28/2026 5:48,27950.057,29915.31,18.75882,35.778103,1.0120394,19.444952,3.270822,41.13115,64.19278,7.0774283,-14.78672,220.66116,0.10787561,21.560528,0.009,74,764.40656
6/28/2026 6:18,27345.33,29294.365,18.330755,36.569317,1.0117272,19.041336,3.106453,38.93505,60.769573,7.055306,-13.475418,236.96423,0.23580942,21.516607,0,74,764.40656
6/28/2026 6:48,25101.408,26867.475,16.67233,39.8384,1.0104649,17.463858,3.1454988,39.075386,60.984562,7.038918,-12.507439,246.33884,0.16775821,21.55851,0,74,764.40656
6/28/2026 7:18,34797.348,38835.848,24.957037,28.737822,1.0172311,25.243301,6.4236994,80.691246,126.31297,7.616154,-46.35334,260.8633,0.24291514,19.555553,0,74,764.40656
6/28/2026 7:48,36352.87,41123.258,26.566864,27.508144,1.0186081,26.730118,7.2626686,91.016464,142.60086,7.812716,-57.783127,292.9163,0.14998701,18.92659,0,74,764.40656
6/28/2026 8:18,36526.76,41326.266,26.712063,27.377188,1.0187204,26.862074,7.4850917,93.8724,147.07683,7.843226,-59.571266,293.84137,0.03963161,18.919537,0,74,764.40656
6/28/2026 8:48,36327.848,41054.434,26.519367,27.527092,1.0185609,26.685383,7.772651,97.46448,152.69376,7.873117,-61.335564,297.6465,0.037827186,18.972267,0,74,764.40656
6/28/2026 9:18,36613.902,41348.29,26.73128,27.31203,1.0187142,26.876389,8.115976,101.96181,159.73235,7.907296,-63.347816,271.26312,0.032182872,19.005226,0,74,764.40656
6/28/2026 9:48,36784.55,41464.92,26.818312,27.185326,1.01876,26.952198,8.106326,102.057655,159.86374,7.9095817,-63.500404,294.59,0.033811536,19.090294,0,74,764.40656
6/28/2026 10:18,37004.684,41327.62,26.73646,27.023605,1.0185916,26.862955,8.140029,103.27284,161.66924,7.9041677,-63.27629,291.70514,0.032095082,19.523476,0,74,764.40656
6/28/2026 10:48,37258.22,41497.445,26.863197,26.839716,1.0186564,26.97334,8.280582,105.388145,164.95065,7.9146442,-63.92002,297.44147,0.035032872,19.6515,0,74,764.40656
6/28/2026 11:18,37483.992,41518.906,26.888168,26.678055,1.0186105,26.987288,8.350736,106.8162,167.1233,7.918378,-64.19659,280.60913,0.031664174,19.911907,0,74,764.40656
6/28/2026 11:48,37669.99,41417.465,26.827656,26.546331,1.0184762,26.921352,8.472315,109.04353,170.5207,7.9210386,-64.43024,298.04706,0.031918876,20.262798,0,74,764.40656
6/28/2026 12:18,37991.395,41423.11,26.84523,26.32175,1.0183877,26.92502,8.562535,111.035416,173.5321,7.921975,-64.57329,293.9081,0.03682617,20.662544,0,74,764.40656
6/28/2026 12:48,38827.06,41419.305,26.875423,25.755234,1.0181334,26.922548,8.646156,114.33992,178.4024,7.899598,-63.48133,297.77527,0.02900535,21.723274,0.009,74,764.40656
6/28/2026 13:18,39315.54,41349.78,26.84481,25.435236,1.0179218,26.87736,8.589087,115.01306,179.24771,7.8648424,-61.569214,274.96338,0.03273078,22.424295,0.018,74,764.40656
6/28/2026 13:48,39485.016,41010.176,26.615814,25.326063,1.0175763,26.656614,8.400939,113.616165,176.8826,7.8225603,-59.185028,290.6704,0.033030123,23.052887,0.018,74,764.40656
6/28/2026 14:18,38497.03,39331.652,25.4269,25.976028,1.0164456,25.565573,8.093906,110.34182,171.53241,7.726953,-53.64895,290.54642,0.039169263,23.889,0.027,74,764.40656
6/28/2026 14:48,36031.38,36055.117,23.107885,27.753586,1.014394,23.435827,7.780732,106.6744,165.5007,7.578826,-44.97528,296.15878,0.03787675,24.965528,0.045,74,764.40656
6/28/2026 15:18,33903.105,33582.453,21.369028,29.495823,1.0129341,21.828594,7.8414617,107.447624,166.52803,7.5065627,-40.721893,282.31143,0.039086044,25.499907,0.054,74,764.40656
6/28/2026 15:48,32196.352,31584.234,19.975658,31.05942,1.0117399,20.529753,7.9191294,108.62794,168.18488,7.454281,-37.651062,306.12946,0.0374999,26.014685,0.063,74,764.40656
6/28/2026 16:18,31054.145,30168.717,18.995913,32.20182,1.0108528,19.609667,8.089859,111.360756,172.23193,7.430926,-36.31115,306.75888,0.09636391,26.53661,0.081,74,764.40656
6/28/2026 16:48,29662.936,28518.367,17.859396,33.712105,1.0098355,18.536938,8.222724,113.56965,175.43944,7.419748,-35.705566,319.84805,0.04675065,27.101276,0.09,74,764.40656
6/28/2026 17:18,28538.672,27317.232,17.03575,35.040173,1.0091485,17.756203,8.351537,115.291794,178.0079,7.4170628,-35.572052,298.09476,0.07291668,27.341002,0.09,74,764.40656
6/28/2026 17:48,27587.875,26260.635,16.315115,36.247807,1.0085189,17.069412,8.517825,117.72961,181.65076,7.4439354,-37.231445,322.18933,0.040282477,27.64613,0.099,74,764.40656
6/28/2026 18:18,26795.307,25535.104,15.821013,37.31997,1.0081689,16.597816,8.695231,119.72253,184.75099,7.425667,-36.120415,320.43933,0.046803948,27.583862,0.099,74,764.40656
6/28/2026 18:48,39564.05,39378.1,25.485096,25.27547,1.0160987,25.595766,9.387633,131.09871,203.28386,8.025555,-71.787834,302.61993,0.23891863,25.247234,0.081,74,764.40656
6/28/2026 19:18,39813.05,41305.07,26.829964,25.117392,1.0177225,26.848297,9.904937,134.25597,208.99544,8.064337,-73.58074,278.53488,0.37658083,23.1088,0.036,74,764.40656
6/28/2026 19:48,39366.15,41422.582,26.896704,25.402536,1.0179675,26.924679,9.565123,128.06723,199.60039,8.043358,-72.15977,290.59888,0.36815065,22.400772,0.018,74,764.40656
6/28/2026 20:18,38976.203,41595.12,27.001617,25.656681,1.0182341,27.036829,9.089434,120.247444,187.6257,8.009512,-69.98539,292.42517,0.36592048,21.70355,0.009,74,764.40656
6/28/2026 20:48,38786.246,41598.3,26.99667,25.782335,1.0182947,27.038897,8.894646,117.14815,182.8602,7.997268,-69.20338,301.97144,0.5154632,21.460718,0.009,74,764.40656
6/28/2026 21:18,38621.457,41798.527,27.12729,25.892344,1.018509,27.169043,8.703416,113.79678,177.7508,7.9729476,-67.66319,283.61322,0.6408483,21.020462,0.009,74,764.40656
6/28/2026 21:48,38402.37,41798.78,27.118505,26.040058,1.0185736,27.169209,8.671001,112.79562,176.26088,7.9785423,-67.93022,304.2984,0.36360702,20.745749,0,74,764.40656
6/28/2026 22:18,38213.63,41953.316,27.215784,26.168674,1.0187532,27.269655,8.524784,110.11356,172.17615,7.965841,-67.08622,304.59406,0.36713284,20.333025,0,74,764.40656
6/28/2026 22:48,38086.918,42200.348,27.37803,26.255733,1.0189866,27.430225,8.329002,106.81707,167.12834,7.9501963,-66.06579,312.0327,0.42386213,19.896658,0,74,764.40656
6/28/2026 23:18,38112.523,42321.375,27.461372,26.238094,1.0190758,27.508894,8.170707,104.635994,163.74019,7.9302483,-64.86893,286.3598,0.74480903,19.793205,0,74,764.40656
6/28/2026 23:48,38153.8,42241.297,27.408922,26.20971,1.0190008,27.456842,8.012818,102.85196,160.9158,7.9152985,-64.02016,286.9177,0.57526475,19.933748,0,74,764.40656
6/29/2026 0:18,38256.53,42223.99,27.401833,26.139328,1.0189584,27.445593,7.7145653,99.29071,155.31094,7.883255,-62.16526,277.71472,0.37040198,20.080517,0,74,764.40656
6/29/2026 0:48,38372.67,42031.984,27.276266,26.060213,1.0187713,27.320791,6.7871814,87.87743,137.385,7.745924,-54.14486,272.37415,0.091104075,20.441875,0,74,764.40656
6/29/2026 1:18,38565.746,41933.848,27.217493,25.929747,1.018636,27.257002,5.851458,76.23105,119.11414,7.5747023,-44.10267,232.01465,0.03994718,20.794796,0,74,764.40656
6/29/2026 1:48,38630.277,41707.25,27.065216,25.88643,1.0184315,27.109713,5.6796665,74.39374,116.18217,7.5292144,-41.46576,231.65225,0.040218618,21.137411,0.009,74,764.40656
6/29/2026 2:18,38152.6,40762.965,26.400713,26.210533,1.017794,26.495928,5.519531,72.6897,113.43012,7.4798355,-38.614273,218.1387,0.049446017,21.647245,0.009,74,764.40656
6/29/2026 2:48,35920.703,37810.06,24.306927,27.839098,1.0160148,24.576538,5.3708367,70.81565,110.37352,7.38951,-33.34999,214.1571,0.05736761,22.383791,0.009,74,764.40656
6/29/2026 3:18,33457.31,34939.47,22.28227,29.888836,1.0143808,22.710655,4.976476,65.31617,101.73461,7.282206,-27.017593,184.92221,0.047820076,22.779015,0.018,74,764.40656
6/29/2026 3:48,32211.18,33561.234,21.31605,31.045122,1.0136217,21.814802,4.6226816,60.460133,94.1526,7.2214746,-23.417473,196.43784,0.08770925,22.893896,0.018,74,764.40656
6/29/2026 4:18,31356.016,32648.227,20.678038,31.891808,1.0131316,21.221346,4.2379985,55.25876,86.0477,7.170184,-20.370483,201.34448,0.08515791,22.92776,0.027,74,764.40656
6/29/2026 4:48,30773.174,32064.938,20.270697,32.495834,1.0128347,20.84221,3.870219,50.31101,78.348114,7.150817,-19.216537,203.03726,0.11796114,22.89079,0.027,74,764.40656
6/29/2026 5:18,30396.236,31705.412,20.019636,32.89881,1.0126595,20.608519,3.5494661,46.030453,71.68852,7.1235194,-17.590523,201.68304,0.2418466,22.838121,0.027,74,764.40656
6/29/2026 5:48,29998.486,31334.621,19.760859,33.335014,1.0124832,20.367504,3.334563,43.123497,67.169235,7.1037707,-16.412735,217.24701,0.1274447,22.767494,0.009,74,764.40656
6/29/2026 6:18,29591.191,30968.725,19.505495,33.793842,1.0123162,20.129671,3.1284034,40.326847,62.823395,7.0890117,-15.530586,228.00922,0.42350248,22.67113,0.018,74,764.40656
6/29/2026 6:48,29152.314,30524.836,19.197716,34.302593,1.012091,19.841143,2.9202554,37.55946,58.51469,7.067601,-14.257431,248.55136,0.19409168,22.645859,0.018,74,764.40656
6/29/2026 7:18,28620.809,30013.477,18.843185,34.939613,1.0118436,19.50876,2.8320363,36.300167,56.559963,7.0528884,-13.380051,246.87767,0.247854,22.570604,0.018,74,764.40656
6/29/2026 7:48,27725.695,29048.484,18.179115,36.067627,1.0113314,18.881516,2.7838986,35.575695,55.426937,7.0679464,-14.2765045,247.22577,0.100112244,22.615849,0.018,74,764.40656
6/29/2026 8:18,38108.055,42962.05,27.89518,26.24117,1.0195812,27.925333,7.5290112,95.38844,149.41821,7.8355837,-59.156418,294.25143,0.038924422,19.08464,0,74,764.40656
6/29/2026 8:48,38056.664,43184.01,28.042458,26.276608,1.0197666,28.069609,7.562032,95.34634,149.41386,7.866554,-60.91118,301.21802,0.035158407,18.783634,0,74,764.40656
6/29/2026 9:18,38185.754,43374.445,28.177843,26.187777,1.019881,28.19339,7.7369375,97.543884,152.86726,7.882664,-61.84578,289.06824,0.037904453,18.736883,0,74,764.40656
6/29/2026 9:48,38146.594,42955.16,27.892467,26.21466,1.0195658,27.920855,8.095201,102.665695,160.80531,7.9128947,-63.705444,300.26913,0.039541595,19.139065,0,74,764.40656
6/29/2026 10:18,38311.523,42941.527,27.891489,26.101807,1.0195119,27.911993,8.266831,105.26887,164.83308,7.924676,-64.44454,294.89993,0.107235916,19.354912,0,74,764.40656
6/29/2026 10:48,38528.895,42931.535,27.89529,25.954546,1.0194465,27.905497,8.400845,107.533195,168.31297,7.9343467,-65.07397,299.60632,0.037581146,19.630877,0,74,764.40656
6/29/2026 11:18,38777.56,43008.676,27.959507,25.78811,1.0194407,27.95564,8.494749,109.221436,170.90192,7.9353046,-65.17887,279.212,0.035234973,19.849306,0,74,764.40656
6/29/2026 11:48,38825.473,42983.91,27.94488,25.756287,1.0194079,27.939543,8.491891,109.34951,171.0812,7.9313354,-64.964294,301.08453,0.036295157,19.934866,0,74,764.40656
6/29/2026 12:18,39100.465,43032.336,27.990438,25.575144,1.0193714,27.97102,8.642396,111.901215,175.00154,7.9416084,-65.63187,291.3189,0.049808633,20.216223,0,74,764.40656
6/29/2026 12:48,39509.496,42968.55,27.964628,25.310371,1.0192053,27.929558,8.829622,115.51562,180.50049,7.9474487,-66.103935,302.64377,0.03703523,20.785233,0,74,764.40656
6/29/2026 13:18,40363.07,43008.637,28.026089,24.775122,1.0189898,27.955614,8.932439,119.04238,185.72284,7.937958,-65.76538,272.97974,0.053787015,21.779451,0,74,764.40656
6/29/2026 13:48,40948.17,42964.844,28.016697,24.421114,1.0187756,27.927147,8.7763,118.57304,184.75952,7.900322,-63.700676,293.37885,0.033974826,22.542528,0.018,74,764.40656
6/29/2026 14:18,41478.816,42975.953,28.041788,24.108692,1.018619,27.93437,8.538394,116.68521,181.62201,7.8566017,-61.235428,281.55328,0.034382913,23.17609,0.018,74,764.40656
6/29/2026 14:48,40169.75,40696.15,26.41737,24.894354,1.0170685,26.452497,8.174739,112.93631,175.42708,7.761401,-55.78518,292.5253,0.040736526,24.32278,0.027,74,764.40656
6/29/2026 15:18,37920.95,37467.164,24.122309,26.370647,1.014961,24.353657,7.786393,108.62443,168.30737,7.6072636,-46.782494,284.0805,0.091408595,25.634113,0.054,74,764.40656
6/29/2026 15:48,35674.535,34826.62,22.254751,28.031199,1.0133706,22.637304,7.8624034,109.73833,169.81433,7.5399356,-42.834282,302.78683,0.039118957,26.274696,0.063,74,764.40656
6/29/2026 16:18,33979.664,32876.07,20.886059,29.429367,1.0122014,21.369446,7.9631553,111.2101,171.91966,7.4982524,-40.392876,307.2548,0.11564015,26.757502,0.081,74,764.40656
6/29/2026 16:48,32805.598,31510.9,19.934221,30.482603,1.0113713,20.482084,8.125086,113.63068,175.51497,7.487569,-39.801598,315.62805,0.041080195,27.151165,0.09,74,764.40656
6/29/2026 17:18,31355.814,29865.855,18.793425,31.892012,1.0103792,19.412806,8.335574,116.74782,180.14941,7.4766893,-39.20555,307.4646,0.28356078,27.611958,0.108,74,764.40656
6/29/2026 17:48,30145.521,28609.22,17.926035,33.172424,1.009671,18.595993,8.411476,117.64124,181.44806,7.4753914,-39.1531,325.14096,0.11794586,27.811493,0.108,74,764.40656
6/29/2026 18:18,29243.117,27691.668,17.295477,34.19608,1.0091634,17.999584,8.499489,118.70109,183.03308,7.474183,-39.09588,322.4516,0.15794809,27.93329,0.108,74,764.40656
6/29/2026 18:48,28010.516,26516.998,16.491339,35.70088,1.0085588,17.23605,8.614071,119.79537,184.71399,7.5048256,-40.950775,328.7506,0.27557838,27.94885,0.117,74,764.40656
6/29/2026 19:18,26941.562,25642.271,15.894141,37.11737,1.0082028,16.667477,7.197471,99.25816,153.14798,7.3531446,-31.747818,305.4762,0.19514436,27.652874,0.108,74,764.40656
6/29/2026 19:48,39344.395,41495.26,26.946058,25.416582,1.0180358,26.971922,9.515591,127.17794,198.25198,7.9813824,-68.45474,307.7841,0.46639377,22.286175,0.018,74,764.40656
6/29/2026 20:18,39738.93,41848.883,27.203455,25.164242,1.0182103,27.201775,9.938384,133.2048,207.62157,8.045293,-72.26467,299.46326,0.5031532,22.360294,0.018,74,764.40656
6/29/2026 20:48,39815.023,42549.46,27.689041,25.116148,1.018773,27.65715,9.724304,129.00343,201.30981,8.040635,-71.811676,299.7494,0.68144554,21.635347,0.009,74,764.40656
6/29/2026 21:18,39624.688,42658.66,27.756765,25.236792,1.0189195,27.72813,9.296914,122.578575,191.39207,8.013163,-70.09983,289.39246,0.7818828,21.276329,0.009,74,764.40656
6/29/2026 21:48,39257.746,42703.695,27.772688,25.47268,1.0190624,27.757402,8.949484,116.92989,182.7132,7.9896564,-68.593025,308.00342,0.8611037,20.77516,0.018,74,764.40656
6/29/2026 22:18,38956.918,42830.715,27.846466,25.669382,1.0192496,27.839964,8.610712,111.49653,174.35622,7.963031,-66.90502,308.01773,0.77576375,20.26469,0,74,764.40656
6/29/2026 22:48,38827.113,43030.457,27.976645,25.755198,1.0194443,27.969799,8.340461,107.321365,167.92,7.9432697,-65.65571,313.8828,0.7555784,19.885706,0,74,764.40656
6/29/2026 23:18,38823.848,43129.94,28.044176,25.757364,1.0195242,28.034462,8.263136,106.14506,166.10654,7.9359183,-65.197945,293.22147,0.693454,19.772774,0,74,764.40656
6/29/2026 23:48,38592.793,43122.543,28.028055,25.911573,1.0195799,28.029654,8.059752,102.99615,161.24136,7.9216156,-64.29672,314.83173,0.8735473,19.500334,0,74,764.40656
6/30/2026 0:18,38780.426,43225.816,28.10729,25.786205,1.0196116,28.09678,7.864565,100.76654,157.7251,7.898962,-62.99019,283.49878,1.069246,19.615646,0,74,764.40656
6/30/2026 0:48,38792.22,43176.29,28.074192,25.778366,1.0195692,28.064587,7.75029,99.40958,155.58595,7.8861446,-62.25109,283.64658,0.78430116,19.68383,0,74,764.40656
6/30/2026 1:18,38955.25,43137.984,28.05581,25.67048,1.019495,28.03969,7.132694,91.88788,143.76425,7.8025594,-57.382584,251.5316,0.37037122,19.92347,0,74,764.40656
6/30/2026 1:48,39133.766,43074.797,28.020908,25.553381,1.0193961,27.99862,6.271774,81.21149,127.00729,7.653894,-48.680305,252.50912,0.45960614,20.209806,0,74,764.40656
6/30/2026 2:18,39332.88,42983.117,27.967062,25.424023,1.0192671,27.939026,6.004144,78.2175,122.26249,7.5850167,-44.674873,239.13383,0.28134808,20.553791,0,74,764.40656
6/30/2026 2:48,39148.113,42381.21,27.54736,25.544016,1.0188315,27.547787,5.9598646,78.096306,121.98929,7.5540667,-42.915344,228.74356,0.8442108,21.00596,0,74,764.40656
6/30/2026 3:18,37713.15,40313.234,26.07695,26.515951,1.0175554,26.203604,5.7311573,75.30122,117.5098,7.476103,-38.39016,207.7055,1.1011548,21.623188,0.009,74,764.40656
6/30/2026 3:48,35267.867,37300.426,23.939034,28.354422,1.0157999,24.245277,5.333489,69.8724,108.94584,7.353616,-31.194687,212.7409,0.55420464,22.14704,0.009,74,764.40656
6/30/2026 4:18,33646.957,35456.12,22.637465,29.72037,1.0147688,23.04648,4.866095,63.478252,98.946495,7.2671485,-26.082993,207.7198,0.32011726,22.328514,0.018,74,764.40656
6/30/2026 4:48,32599.863,34319.5,21.838354,30.674974,1.014153,22.307674,4.4970326,58.443554,91.09141,7.2139688,-22.931099,199.76138,0.87956953,22.376616,0.009,74,764.40656
6/30/2026 5:18,31981.02,33702.29,21.40441,31.268547,1.013839,21.906487,4.151296,53.765163,83.806595,7.1785965,-20.828247,188.5271,1.5050312,22.326033,0.009,74,764.40656
6/30/2026 5:48,31347.904,33076.57,20.965418,31.900059,1.0135239,21.499771,3.8331354,49.461952,77.106865,7.148127,-19.016266,211.67755,0.8220118,22.263737,0.018,74,764.40656
6/30/2026 6:18,30894.752,32633.398,20.655031,32.367958,1.0133038,21.21171,3.5759025,46.014767,71.73928,7.125595,-17.676353,219.95068,0.34267136,22.21057,0.009,74,764.40656
6/30/2026 6:48,30476.428,32197.482,20.351097,32.812244,1.0130768,20.928364,3.4245956,43.982655,68.57214,7.1095257,-16.72268,228.1189,1.2131681,22.201408,0.018,74,764.40656
6/30/2026 7:18,30092.88,31803.742,20.076864,33.23045,1.0128746,20.672432,3.4322064,43.99587,68.59477,7.1043167,-16.412735,238.57117,1.2235197,22.183544,0.018,74,764.40656
6/30/2026 7:48,29742.592,31371.299,19.778238,33.62182,1.0126237,20.391344,3.4893312,44.73114,69.729866,7.102537,-16.3126,267.69638,0.54624295,22.281828,0.018,74,764.40656
6/30/2026 8:18,28747.785,30114.03,18.913439,34.78529,1.0118824,19.57412,3.5995758,46.202667,71.9827,7.0830317,-15.172958,283.03146,0.30832115,22.624659,0.018,74,764.40656
6/30/2026 8:48,38133.223,41512.812,26.912262,26.223852,1.0184193,26.983328,7.9296045,103.01106,160.97295,7.8025246,-57.53994,294.8427,0.0371493,20.737656,0.009,74,764.40656
6/30/2026 9:18,38619.79,42740.13,27.769468,25.893461,1.0192701,27.781084,8.031813,103.35215,161.69394,7.8760195,-61.712265,280.11798,0.18149723,19.952644,0,74,764.40656
6/30/2026 9:48,38628.75,43114.543,28.02437,25.887455,1.0195642,28.024452,7.9198236,101.305046,158.58217,7.8821573,-61.98883,297.44626,0.06166834,19.55269,0,74,764.40656
6/30/2026 10:18,38689.938,43276.7,28.137442,25.846514,1.0196754,28.129854,8.011202,102.34737,160.23688,7.8968873,-62.832832,301.12268,0.043403145,19.450949,0,74,764.40656
6/30/2026 10:48,39146.14,43341.29,28.2032,25.545303,1.0196049,28.171837,8.218452,105.98519,165.81824,7.91895,-64.23473,305.94348,0.07661994,19.932285,0,74,764.40656
6/30/2026 11:18,39490.348,43384.496,28.248394,25.322643,1.0195458,28.199923,8.43821,109.59501,171.37357,7.935462,-65.28854,282.6214,0.1587231,20.300577,0,74,764.40656
6/30/2026 11:48,39367.83,43353.13,28.221458,25.401453,1.0195543,28.179535,8.582615,111.21889,173.9419,7.9482756,-66.018105,306.31067,0.12593094,20.187098,0.009,74,764.40656
6/30/2026 12:18,39434.46,43391.34,28.25057,25.35853,1.0195665,28.20437,8.541358,110.78211,173.249,7.942382,-65.67955,306.45847,0.22939266,20.225628,0,74,764.40656
6/30/2026 12:48,39660.05,43386.92,28.257566,25.214289,1.0195009,28.2015,8.629609,112.50632,175.8731,7.9466667,-65.99426,286.541,0.25656676,20.502695,0,74,764.40656
6/30/2026 13:18,40060.367,43388.465,28.275646,24.962328,1.0193897,28.202503,8.831657,116.17616,181.47752,7.954361,-66.55693,276.7849,0.17837253,20.984047,0,74,764.40656
6/30/2026 13:48,40908.594,43367.125,28.293924,24.444742,1.0191246,28.188633,8.923007,119.64677,186.58966,7.9452934,-66.25652,296.1731,0.03856641,22.031876,0.009,74,764.40656
6/30/2026 14:18,41783.094,43457.508,28.38679,23.933125,1.0189338,28.24738,8.806626,120.17769,187.12036,7.906104,-64.139366,289.5117,0.04087862,22.982725,0,74,764.40656
6/30/2026 14:48,42030.996,43292.848,28.279772,23.791965,1.0187149,28.14035,8.531705,117.370735,182.59406,7.8623724,-61.64074,283.41293,0.04067995,23.473988,0.027,74,764.40656
6/30/2026 15:18,41463.645,42388.355,27.631788,24.117514,1.018117,27.552431,8.151437,112.47998,174.8661,7.7952404,-57.71637,266.0179,0.40614974,23.857843,0.027,74,764.40656
6/30/2026 15:48,39137.87,39085.617,25.27207,25.5507,1.0159904,25.405651,7.7482686,107.74218,167.12389,7.6533256,-49.45278,291.97693,0.36873832,25.069998,0.045,74,764.40656
6/30/2026 16:18,36705.992,36327.676,23.309578,27.243507,1.0143771,23.61299,7.518112,104.23891,161.54059,7.543583,-42.948723,288.53894,0.3741712,25.545233,0.063,74,764.40656
6/30/2026 16:48,34701.453,34180.543,21.7934,28.817238,1.0131656,22.217352,7.465832,103.07954,159.66391,7.4767365,-38.9719,301.93805,0.34399757,25.797901,0.063,74,764.40656
6/30/2026 17:18,33201.824,32486.703,20.607517,30.118828,1.0121727,21.116356,7.486662,103.30935,159.90567,7.434477,-36.478043,289.85022,0.72913754,26.152498,0.072,74,764.40656
6/30/2026 17:48,31807.996,30966.576,19.549131,31.438635,1.0113006,20.128275,7.5676904,104.29214,161.33759,7.4055543,-34.770966,316.4482,0.44571695,26.42261,0.072,74,764.40656
6/30/2026 18:18,30991.047,30059.203,18.920658,32.267384,1.0107712,19.53848,7.5422883,103.93414,160.71695,7.393445,-34.065247,322.42773,0.71504307,26.623053,0.081,74,764.40656
6/30/2026 18:48,29882.38,28955.908,18.158152,33.464535,1.0101854,18.82134,7.4295297,102.034294,157.76201,7.381309,-33.340454,332.87524,0.65771204,26.675184,0.081,74,764.40656
6/30/2026 19:18,28751.867,27914.277,17.440607,34.78035,1.0096796,18.14428,7.319484,99.93767,154.55383,7.353774,-31.671524,309.98706,1.0372657,26.570982,0.081,74,764.40656
6/30/2026 19:48,27188.854,26565.713,16.515436,36.779778,1.0090878,17.267714,6.9830613,94.28488,145.91484,7.3504114,-31.433105,337.30984,0.81104064,26.22809,0.072,74,764.40656
6/30/2026 20:18,37597.914,39146.26,25.273464,26.59722,1.0165969,25.44507,7.1391377,95.593605,148.85585,7.778467,-56.53858,301.2514,1.047527,22.929167,0.045,74,764.40656
6/30/2026 20:48,39753.414,42366.2,27.56058,25.155071,1.0186394,27.53803,8.147566,108.27164,168.92125,7.9599686,-67.06715,305.97687,1.5453902,21.77113,0.009,74,764.40656
6/30/2026 21:18,39678.035,42394.62,27.577326,25.202862,1.0186858,27.556503,8.174513,108.39241,169.14369,7.9673796,-67.47723,271.3299,1.5424774,21.6451,0.009,74,764.40656
6/30/2026 21:48,39327.223,42180.754,27.416971,25.42768,1.0186138,27.41749,8.278406,109.29468,170.6022,7.974067,-67.830086,298.09476,1.4816355,21.45811,0.009,74,764.40656
6/30/2026 22:18,39071.973,42116.125,27.362686,25.593794,1.0186366,27.375483,8.357972,109.823044,171.49202,7.972995,-67.71088,301.43262,1.1811686,21.215708,0.009,74,764.40656
6/30/2026 22:48,38767.074,42052.055,27.306559,25.795086,1.0186737,27.333836,8.458727,110.4896,172.61417,7.977738,-67.920685,307.98914,1.106954,20.910105,0,74,764.40656
6/30/2026 23:18,38881.227,42295.254,27.47755,25.719353,1.0188388,27.491915,8.324212,108.5694,169.6495,7.9620333,-66.96224,282.63092,0.9874714,20.773878,0,74,764.40656
6/30/2026 23:48,38965.26,42571.375,27.669794,25.663885,1.0190384,27.671394,8.179845,106.396576,166.30664,7.9456205,-65.94658,309.45776,1.0972108,20.565052,0,74,764.40656
7/1/2026 0:18,39001.74,42683.605,27.748026,25.639883,1.0191187,27.744343,8.067218,104.82268,163.86642,7.9336386,-65.22179,307.96527,1.104121,20.483797,0,74,764.40656
7/1/2026 0:48,39026.566,42760.707,27.801764,25.623571,1.0191739,27.79446,7.7708025,100.89889,157.7456,7.9087768,-63.74359,313.6349,1.5366943,20.427935,0,74,764.40656
7/1/2026 1:18,39038.168,42724.8,27.777744,25.615955,1.0191417,27.77112,7.6875134,99.903595,156.17693,7.896285,-63.0188,256.96753,1.1700735,20.482311,0,74,764.40656
7/1/2026 1:48,39023.805,42584.703,27.681408,25.625385,1.0190326,27.680058,7.2215533,94.037285,146.9755,7.8408966,-59.781075,275.383,0.68623626,20.622032,0,74,764.40656
7/1/2026 2:18,39081.414,42463.133,27.600698,25.58761,1.0189176,27.601036,6.1879425,80.84932,126.323524,7.67638,-50.110817,256.1331,0.55886364,20.83042,0.009,74,764.40656
7/1/2026 2:48,39183.2,42371.727,27.54229,25.521143,1.0188135,27.541622,5.796224,76.02533,118.74443,7.610911,-46.281815,241.189,0.44445226,21.060143,0,74,764.40656
7/1/2026 3:18,39102.62,42117.43,27.364788,25.573732,1.0186285,27.37633,5.449059,71.64893,111.87561,7.556443,-43.091774,211.98749,0.30619463,21.252304,0.009,74,764.40656
7/1/2026 3:48,37797.266,40366.27,26.116287,26.45694,1.0175734,26.238075,5.0152984,65.96455,102.93231,7.462232,-37.574768,207.07608,0.4089066,21.667938,0.009,74,764.40656
7/1/2026 4:18,35594.355,37681.89,24.20906,28.094341,1.0160166,24.493229,4.5182137,59.233517,92.36478,7.3395467,-30.355453,183.23422,0.492816,22.099535,0.018,74,764.40656
7/1/2026 4:48,34052.984,35910.402,22.957441,29.366001,1.0150203,23.34176,4.0666122,53.11228,82.793564,7.2545853,-25.334358,179.68178,0.3015213,22.291954,0.018,74,764.40656
7/1/2026 5:18,32315.604,34061.902,21.656336,30.944803,1.0140316,22.140238,4.187681,54.305588,84.650406,7.2391214,-24.41883,242.94376,0.62876093,22.315794,0.018,74,764.40656
7/1/2026 5:48,30252.271,31983.29,20.2014,33.05537,1.0129731,20.789137,3.9396145,50.520752,78.77004,7.2017813,-22.192001,192.20352,0.6197541,22.166359,0.018,74,764.40656
7/1/2026 6:18,28635.818,30320.29,19.047342,34.9213,1.0121218,19.708189,3.7800472,48.084263,74.98038,7.171396,-20.384789,187.86908,0.80603904,22.091316,0.009,74,764.40656
7/1/2026 6:48,28011.031,29634.904,18.575249,35.700222,1.0117556,19.262688,3.385945,42.984608,67.02385,7.137094,-18.353462,181.11707,0.66564286,22.1311,0.009,74,764.40656
7/1/2026 7:18,27569.81,29084.984,18.199104,36.271557,1.0114355,18.90524,3.239985,41.148815,64.14649,7.1128335,-16.92295,211.32947,0.7452747,22.27253,0.018,74,764.40656
7/1/2026 7:48,27254.99,28658.465,17.908646,36.69053,1.0111744,18.628002,3.1379414,39.90553,62.191513,7.095726,-15.916824,232.11957,0.5459251,22.435997,0.018,74,764.40656
7/1/2026 8:18,26845.98,28032.174,17.484278,37.249523,1.0107641,18.220913,3.2421753,41.393433,64.472626,7.0927625,-15.759468,258.1644,0.5381849,22.784533,0.027,74,764.40656
7/1/2026 8:48,26355.734,27376.55,17.03943,37.942406,1.0103601,17.794758,3.3934999,43.4224,67.60248,7.0886793,-15.530586,282.979,0.41652745,23.047749,0.027,73,764.40656
7/1/2026 9:18,31861.049,33211.29,21.07062,31.386286,1.0134425,21.58734,5.705456,74.48564,115.99849,7.380243,-32.85408,257.96414,0.50974673,22.871408,0.036,73,764.40656
7/1/2026 9:48,39165.902,42642.824,27.727175,25.532413,1.0190393,27.717834,7.7069845,100.58738,157.18707,7.8410053,-59.809685,293.0975,0.53389716,20.731104,0.009,73,764.40656
7/1/2026 10:18,39340.082,43185.36,28.105621,25.419367,1.0194278,28.070484,7.681893,99.75736,155.98177,7.860727,-60.892105,293.8938,0.5493871,20.338154,0,73,764.40656
7/1/2026 10:48,39376.09,43183.473,28.10593,25.396122,1.0194162,28.069258,7.695027,100.012566,156.3702,7.867361,-61.29265,298.4953,0.5617132,20.383894,0,73,764.40656
7/1/2026 11:18,39431.125,43195.95,28.116886,25.360676,1.019411,28.077366,7.6754293,99.86208,156.12263,7.8663645,-61.244965,274.9777,0.6441289,20.436811,0,73,764.40656
7/1/2026 11:48,39494.117,43164.54,28.098145,25.320227,1.019368,28.05695,7.7779093,101.39225,158.48853,7.876643,-61.87439,302.2957,0.60581475,20.547998,0,73,764.40656
7/1/2026 12:18,39578.363,43200.957,28.126722,25.26633,1.0193739,28.080622,7.883719,102.90576,160.83942,7.8879814,-62.556267,299.42035,0.646445,20.60971,0.009,73,764.40656
7/1/2026 12:48,39738.81,43200.297,28.133099,25.164318,1.0193281,28.080193,7.943143,104.058266,162.59279,7.8933353,-62.913895,306.12946,0.6125909,20.804897,0,73,764.40656
7/1/2026 13:18,39917.656,43254.75,28.17792,25.05157,1.0193217,28.115587,7.7723484,102.13939,159.55653,7.880984,-62.217712,283.20312,0.717623,20.960747,0.009,73,764.40656
7/1/2026 13:48,40287.082,43213.504,28.164406,24.821852,1.0191813,28.08878,7.875766,104.42729,163.00545,7.8745437,-61.941147,295.1622,0.55435705,21.454449,0,73,764.40656
7/1/2026 14:18,40910.473,43244.355,28.209024,24.443619,1.0190217,28.108831,7.982267,107.25467,167.22525,7.8716702,-61.922073,287.8809,0.42818266,22.174362,0.009,73,764.40656
7/1/2026 14:48,41359.047,43163.184,28.16815,24.178507,1.018816,28.05607,7.9245005,107.67483,167.70197,7.8502474,-60.782433,289.45923,0.20862158,22.81162,0.018,73,764.40656
7/1/2026 15:18,42267.242,43086.266,28.142296,23.658983,1.01846,28.006073,7.77953,107.941055,167.76524,7.798358,-57.930946,267.41504,0.23727044,24.004768,0.036,73,764.40656
7/1/2026 15:48,41295.44,40956.535,26.626196,24.215748,1.0169017,26.621748,7.44474,104.97924,162.72363,7.6988425,-52.24228,286.4027,0.13349384,25.433235,0.045,73,764.40656
7/1/2026 16:18,38710.926,37730.434,24.320145,25.8325,1.0148933,24.524782,7.0695257,99.97545,154.67953,7.573741,-44.879913,288.91565,0.22317696,26.360565,0.072,73,764.40656
7/1/2026 16:48,35815.492,34523.926,22.047895,27.920877,1.0130104,22.440552,6.8527813,96.66194,149.36621,7.477311,-39.157867,295.29095,0.21506184,26.95868,0.081,73,764.40656
7/1/2026 17:18,33789.152,32358.422,20.52789,29.595297,1.0117654,21.032974,6.697472,94.24037,145.5132,7.4133997,-35.34794,281.01443,0.36005065,27.314926,0.09,73,764.40656
7/1/2026 17:48,32204.814,30668.645,19.350815,31.051258,1.0107921,19.93462,6.5762258,92.41005,142.5914,7.3718286,-32.873154,306.08655,0.27736157,27.622473,0.099,73,764.40656
7/1/2026 18:18,30813.15,29262.8,18.376974,32.453674,1.010019,19.02082,6.3784637,89.37513,137.86235,7.3324184,-30.508041,309.0048,0.47643217,27.773832,0.108,73,764.40656
7/1/2026 18:48,29541.463,28029.871,17.527285,33.850727,1.0093699,18.219418,6.278376,87.63096,135.15704,7.3121386,-29.287338,322.5565,0.49860656,27.82345,0.108,73,764.40656
7/1/2026 19:18,28349.855,26892.338,16.747343,35.27355,1.0087836,17.48002,6.1686487,85.746445,132.24632,7.2893963,-27.914047,298.09476,0.7000724,27.837603,0.108,73,764.40656
7/1/2026 19:48,27018.312,25618.412,15.878778,37.011932,1.0081288,16.651968,6.132795,84.87023,130.88814,7.2813144,-27.427673,324.70227,0.69397706,27.860958,0.099,73,764.40656
7/1/2026 20:18,26730.469,25399.838,15.729789,37.410492,1.0080532,16.509895,5.8936124,81.32784,125.457924,7.257898,-26.00193,327.01016,0.8154547,27.742796,0.099,73,764.40656
7/1/2026 20:48,25586.904,24450.04,15.085091,39.082493,1.0076646,15.892525,4.3116374,58.97062,91.03083,7.1766596,-21.071434,319.252,0.46717602,27.434423,0.099,73,764.40656
7/1/2026 21:18,38773.938,40794.465,26.444145,25.79052,1.0176235,26.516401,7.5701075,101.10111,157.57054,7.810676,-58.350563,247.80273,0.9160998,22.406836,0.018,73,764.40656
7/1/2026 21:48,39626.32,42448.504,27.612413,25.235752,1.0187458,27.591528,8.343671,110.40462,172.31815,7.917424,-64.492226,265.93686,0.8379506,21.519117,0.009,73,764.40656
7/1/2026 22:18,39884.06,42675.453,27.778387,25.072674,1.0188565,27.739044,8.272264,109.67831,171.16927,7.920841,-64.7068,240.53574,0.9622596,21.575401,0.009,73,764.40656
7/1/2026 22:48,39932.457,42889.496,27.927526,25.042286,1.0190188,27.878174,8.199498,108.44251,169.29007,7.922899,-64.787865,235.44312,1.0369219,21.390285,0.009,73,764.40656
7/1/2026 23:18,39605.15,43136.844,28.08395,25.249243,1.0193145,28.038948,8.013587,104.77487,163.73517,7.908938,-63.815117,217.83829,1.0892538,20.713516,0,73,764.40656
7/1/2026 23:48,39490.91,43135.785,28.078333,25.322283,1.019346,28.038261,7.9099145,103.1542,161.2359,7.9053216,-63.57193,230.18837,0.87088114,20.576035,0,73,764.40656
7/2/2026 0:18,39538.727,43204.934,28.127726,25.291658,1.0193883,28.083206,7.8571324,102.4602,160.15564,7.8994884,-63.22384,224.72382,0.9526962,20.557266,0,73,764.40656
7/2/2026 0:48,39514.207,43216.53,28.134602,25.307354,1.0194044,28.090746,7.7422543,100.887054,157.70671,7.8923674,-62.794685,225.96835,1.0181524,20.514702,0,73,764.40656
7/2/2026 1:18,39534.97,43206.58,28.128689,25.294064,1.0193906,28.084276,7.567027,98.66617,154.22667,7.8731565,-61.66935,227.50378,0.9547322,20.550892,0,73,764.40656
7/2/2026 1:48,39509.367,43152.746,28.09074,25.310453,1.0193542,28.049284,7.421975,96.80432,151.30986,7.8606863,-60.93979,258.6174,0.8667825,20.579588,0.009,73,764.40656
7/2/2026 2:18,39624.984,43199.28,28.127565,25.236603,1.0193595,28.079533,7.066908,92.34376,144.31857,7.8173018,-58.398247,260.0193,0.68270004,20.66808,0,73,764.40656
7/2/2026 2:48,39756.4,43147.17,28.097403,25.153183,1.0192802,28.045662,6.2939787,82.558525,128.98322,7.6893835,-50.88806,250.597,0.42953506,20.885538,0,73,764.40656
7/2/2026 3:18,39972.8,43065.26,28.04999,25.017012,1.0191512,27.992422,5.6538467,74.624275,116.52358,7.5588117,-43.230057,215.74496,0.462677,21.240381,0.009,73,764.40656
7/2/2026 3:48,39769.547,42549.56,27.687386,25.144867,1.0187867,27.657215,5.498683,72.87092,113.72518,7.5209923,-41.041374,228.45746,0.25527012,21.579275,0.009,73,764.40656
7/2/2026 4:18,38521.723,40734.004,26.394012,25.95938,1.0176532,26.477102,5.047292,67.08489,104.59791,7.4336834,-35.943985,209.43164,0.22874816,22.15652,0.009,73,764.40656
7/2/2026 4:48,36228.824,37896.465,24.375528,27.602331,1.0159825,24.632702,4.464149,59.217205,92.24796,7.317005,-29.07753,182.90042,0.2791381,22.696064,0.018,73,764.40656
7/2/2026 5:18,34421.082,35789.523,22.886402,29.051964,1.0147772,23.263191,3.8820834,51.33297,79.9249,7.2315984,-24.027824,164.39914,0.26970991,22.998127,0.018,73,764.40656
7/2/2026 5:48,33050.242,34244,21.800156,30.256964,1.0139107,22.2586,3.4821758,45.903,71.44874,7.176709,-20.775795,157.70912,0.2174288,23.17485,0.027,73,764.40656
7/2/2026 6:18,32111.387,33205.285,21.073244,31.141602,1.0133358,21.583435,3.1480362,41.399445,64.427666,7.1371007,-18.424988,165.61032,0.109801166,23.27521,0.027,73,764.40656
7/2/2026 6:48,31318.215,32322.443,20.45786,31.9303,1.012846,21.009588,3.0100074,39.513966,61.482872,7.1160984,-17.180443,182.90042,0.09680707,23.373346,0.027,73,764.40656
7/2/2026 7:18,30842.334,31749.168,20.060366,32.422966,1.0125111,20.63696,2.8922246,37.970543,59.06772,7.096281,-16.007423,198.05908,0.18035716,23.504585,0.036,73,764.40656
7/2/2026 7:48,30103.379,30884.22,19.46177,33.21886,1.0120144,20.074743,2.8629196,37.57249,58.430725,7.0849266,-15.339851,229.57802,0.108346194,23.676289,0.018,73,764.40656
7/2/2026 8:18,29861.494,30457.078,19.16964,33.48794,1.0117128,19.7971,3.100751,40.844654,63.48526,7.088423,-15.563965,257.62558,0.2957065,23.976185,0.045,73,764.40656
7/2/2026 8:48,29128.625,29484.96,18.502243,34.33049,1.0111037,19.165226,3.3123171,43.769794,67.98323,7.0765877,-14.877319,279.94156,0.20105575,24.367262,0.045,73,764.40656
7/2/2026 9:18,29317.605,29594.865,18.579697,34.1092,1.0111223,19.236664,3.5031629,46.42967,72.09555,7.0795794,-15.063286,272.6984,0.28848222,24.509502,0.063,73,764.40656
7/2/2026 9:48,28006.475,27708.174,17.291798,35.706028,1.0098599,18.010313,4.777855,64.04441,99.24699,7.152058,-19.464493,285.1391,0.13422358,25.563652,0.063,73,764.40656
7/2/2026 10:18,40391.594,42920.742,27.96648,24.757627,1.0189083,27.898481,8.331702,111.27004,173.55905,7.903731,-63.767433,276.73245,0.037802856,21.914867,0.018,73,764.40656
7/2/2026 10:48,40105.67,43461.586,28.327747,24.93413,1.0194361,28.25003,8.267428,108.73405,169.85922,7.925722,-64.85939,277.77673,0.037054747,20.957298,0,73,764.40656
7/2/2026 11:18,40075.883,43578.1,28.4065,24.952663,1.0195389,28.325768,8.400929,110.206985,172.20355,7.9369206,-65.48405,260.10513,0.040441636,20.792332,0.009,73,764.40656
7/2/2026 11:48,40078.656,43609.96,28.428486,24.950937,1.0195639,28.346474,8.498035,111.43004,174.12306,7.9487553,-66.17546,280.1609,0.039265808,20.760487,0,73,764.40656
7/2/2026 12:18,40062.41,43647.207,28.45334,24.961054,1.0195986,28.370686,8.440966,110.57483,172.80252,7.947855,-66.1087,275.55942,0.040816944,20.69994,0,73,764.40656
7/2/2026 12:48,39970.11,43679.156,28.471254,25.018696,1.0196499,28.391453,8.627628,112.729065,176.20775,7.9626393,-66.94794,281.44836,0.108440354,20.55415,0,73,764.40656
7/2/2026 13:18,40212.863,43706.797,28.500658,24.867664,1.0196046,28.409418,8.793189,115.46399,180.41174,7.97173,-67.54398,262.72296,0.05916266,20.814642,0,73,764.40656
7/2/2026 13:48,40285.99,43691.258,28.493053,24.822527,1.0195714,28.399319,8.795756,115.71473,180.77466,7.9687386,-67.391396,292.4347,0.07392359,20.919405,0,73,764.40656
7/2/2026 14:18,40613.29,43722.32,28.527847,24.622482,1.0195038,28.41951,9.008977,119.321175,186.30582,7.9803367,-68.1591,269.351,0.15290989,21.27704,0.009,73,764.40656
7/2/2026 14:48,41570.07,43767.582,28.595173,24.055769,1.0192603,28.448929,8.920481,120.5557,187.90244,7.9661055,-67.567825,284.75763,0.040508863,22.371271,0.009,73,764.40656
7/2/2026 15:18,42599.41,43773.5,28.632908,23.474503,1.0189471,28.452774,8.824986,121.91382,189.62097,7.932842,-65.86552,265.1453,0.06856608,23.595707,0.027,73,764.40656
7/2/2026 15:48,43241.965,43688.137,28.59132,23.125683,1.0186657,28.39729,8.643833,121.212715,188.23338,7.896343,-63.877106,278.12958,0.038581006,24.465307,0.036,73,764.40656
7/2/2026 16:18,43280.18,42483.516,27.743315,23.105265,1.0175773,27.614285,8.274555,118.53158,183.53055,7.817025,-59.43775,276.00287,0.0847469,25.981796,0.054,73,764.40656
7/2/2026 16:48,40727.74,38902.11,25.173285,24.553291,1.0151972,25.286373,7.702028,111.49906,172.10861,7.6704655,-50.883293,282.85504,0.1769301,27.457005,0.09,73,764.40656
7/2/2026 17:18,38451.957,36228.17,23.267538,26.00648,1.0135351,23.548311,7.5075974,108.909515,167.82874,7.574668,-45.2137,257.926,0.27674234,28.21376,0.117,73,764.40656
7/2/2026 17:48,36629.508,34269.504,21.881353,27.300394,1.0123764,22.275177,7.405806,107.30942,165.21457,7.5126367,-41.513443,286.70312,0.30541435,28.605549,0.126,73,764.40656
7/2/2026 18:18,35435.7,32991.535,20.982439,28.220129,1.0116193,21.444498,7.2301254,104.719894,161.12497,7.465555,-38.695335,292.325,0.4494731,28.878777,0.135,73,764.40656
7/2/2026 18:48,34261.03,31778.709,20.133177,29.18768,1.0109193,20.65616,7.0656567,102.21702,157.19565,7.4307003,-36.60679,309.20505,0.48683986,29.089672,0.126,73,764.40656
7/2/2026 19:18,33428.38,30985.555,19.579569,29.914701,1.0104947,20.14061,6.903859,99.63409,153.20963,7.408944,-35.290718,285.0008,0.653689,29.127619,0.135,73,764.40656
7/2/2026 19:48,32114.994,29830.764,18.776176,31.138103,1.0099337,19.389997,6.600553,94.64656,145.58113,7.3743606,-33.17833,318.8467,0.67347836,29.009056,0.126,73,764.40656
7/2/2026 20:18,30860.783,28789.475,18.05478,32.403584,1.0094721,18.71316,6.3132205,89.79965,138.20451,7.3533287,-31.876564,319.42844,0.75959074,28.766844,0.126,73,764.40656
7/2/2026 20:48,29922.441,27991.92,17.50469,33.41973,1.0091108,18.19475,5.9340873,83.92876,129.21591,7.3194513,-29.80709,327.58713,0.9157576,28.610846,0.117,73,764.40656
7/2/2026 21:18,29144.469,27352.822,17.06515,34.31183,1.0088394,17.779335,5.761014,81.03344,124.8105,7.2944736,-28.276443,291.35226,1.0681101,28.42939,0.108,73,764.40656
7/2/2026 21:48,36691.22,36946.703,23.736296,27.254478,1.0149604,24.015356,5.732767,78.42743,121.75212,7.5354786,-42.333603,255.48459,0.69688094,24.637962,0.09,73,764.40656
7/2/2026 22:18,40186.07,43186.508,28.141857,24.884245,1.0191886,28.07123,8.158734,107.983925,168.58151,7.91365,-64.23473,254.05884,5.113958,21.3625,0.018,73,764.40656
7/2/2026 22:48,40004.133,43309.87,28.219336,24.997417,1.0193418,28.151417,8.276873,108.881744,170.07784,7.9361234,-65.48405,265.28357,3.673919,21.003794,0,73,764.40656
7/2/2026 23:18,37372.36,40736.555,26.35227,26.757744,1.0180101,26.478762,8.144108,105.330284,164.61241,7.925722,-64.7974,281.10504,0.9438151,20.67622,0,73,764.40656
7/2/2026 23:48,37495.754,40793.266,26.395912,26.669687,1.0180198,26.515623,8.15557,105.68412,165.14252,7.9282074,-64.964294,279.66498,2.4042523,20.767815,0,73,764.40656
7/3/2026 0:18,39974.22,43669.39,28.464739,25.016123,1.0196409,28.385105,7.9716063,104.183586,162.8464,7.9190063,-64.377785,282.63092,0.86922586,20.569792,0,73,764.40656
7/3/2026 0:48,39962.61,43699.324,28.48475,25.023392,1.0196682,28.404562,7.8375425,102.35519,159.99971,7.9089117,-63.7722,287.20856,0.7609237,20.523056,0,73,764.40656
7/3/2026 1:18,39935.504,43724.047,28.500492,25.040375,1.0196954,28.42063,7.7422004,101.008484,157.90862,7.9000735,-63.238144,274.18613,23.624931,20.463526,0,73,764.40656
7/3/2026 1:48,39780.4,43568.797,28.387346,25.138008,1.0196137,28.319717,7.546992,98.36707,153.78291,7.8815312,-62.14142,292.87814,4.1204906,20.447535,0,73,764.40656
7/3/2026 2:18,39961.207,43726.773,28.503498,25.02427,1.0196905,28.422403,7.338805,95.796394,149.75423,7.8635845,-61.092377,268.45932,1.4937918,20.491316,0,73,764.40656
7/3/2026 2:48,40018.938,43705.824,28.491665,24.988169,1.0196579,28.408787,7.198865,94.12291,147.11786,7.8453946,-60.038567,284.82437,1.3263578,20.58341,0,73,764.40656
7/3/2026 3:18,40153.086,43706.27,28.497746,24.904686,1.0196209,28.409075,6.6568356,87.29595,136.41408,7.7695417,-55.594444,263.25226,3.4150121,20.743618,0,73,764.40656
7/3/2026 3:48,40301.375,43677.914,28.484531,24.81305,1.0195564,28.390644,6.002989,79.01771,123.43867,7.654552,-48.84243,260.17667,1.5577601,20.952595,0,73,764.40656
7/3/2026 4:18,40271.215,43413.543,28.301493,24.831633,1.0193498,28.218803,5.784122,76.41452,119.32456,7.604784,-45.94326,242.25711,3.6911435,21.210403,0.009,73,764.40656
7/3/2026 4:48,39040.63,41446.2,26.901646,25.614342,1.0180897,26.940031,5.3268003,70.75902,110.36168,7.512371,-40.58361,231.88113,1.371344,21.961214,0.009,73,764.40656
7/3/2026 5:18,37042.062,38707.383,24.95535,26.996336,1.0164062,25.1598,4.655558,62.0211,96.607445,7.37582,-32.577515,199.34177,10.259999,22.74747,0.018,73,764.40656
7/3/2026 5:48,35558.414,36835.695,23.6313,28.12274,1.0152881,23.943203,4.08479,54.427914,84.71649,7.2819843,-27.041435,180.80711,0.95195687,23.184547,0.027,73,764.40656
7/3/2026 6:18,34499.605,35532.395,22.713581,28.985838,1.014516,23.096056,3.6902077,49.16874,76.49141,7.2207785,-23.422241,187.34454,1.1129186,23.478216,0.027,73,764.40656
7/3/2026 6:48,33729.285,34605.664,22.06314,29.647827,1.0139722,22.493683,3.482238,46.386578,72.13821,7.178762,-20.933151,201.45892,0.39497066,23.674095,0.036,73,764.40656
7/3/2026 7:18,32900.6,33592.906,21.355118,30.39458,1.0133712,21.83539,3.2472417,43.27094,67.26315,7.1469784,-19.054413,204.36287,3.191079,23.921015,0.036,73,764.40656
7/3/2026 7:48,32136.402,32640.936,20.692274,31.11736,1.012798,21.216608,3.210072,42.81859,66.527405,7.1335125,-18.267632,245.08954,1.0267452,24.190727,0.036,73,764.40656
7/3/2026 8:18,31794.662,32105.814,20.322525,31.45182,1.0124358,20.86878,3.2582922,43.60301,67.70846,7.1182046,-17.371178,259.33264,0.5015786,24.492592,0.054,73,764.40656
7/3/2026 8:48,31001.174,30993.031,19.553804,32.256844,1.011712,20.14547,3.7308757,50.16871,77.8274,7.11913,-17.457008,275.95996,0.5938061,25.013758,0.054,73,764.40656
7/3/2026 9:18,31050.63,30927.87,19.510632,32.205463,1.0116242,20.103115,3.730608,50.32444,78.039856,7.0981693,-16.212463,273.8428,7.750547,25.207815,0.072,73,764.40656
7/3/2026 9:48,30252.053,29952.705,18.837482,33.055607,1.0110294,19.46926,3.761696,50.83093,78.77685,7.101779,-16.446114,307.63626,1.0427758,25.523249,0.081,73,764.40656
7/3/2026 10:18,28624.732,27646.895,17.25892,34.934826,1.009461,17.970482,5.526746,75.75047,117.079414,7.1676817,-20.489693,280.47086,0.77746385,26.851772,0.09,73,764.40656
7/3/2026 10:48,41377.305,43559.22,28.443783,24.167837,1.019144,28.313492,8.7697735,118.42792,184.58415,7.926873,-65.24086,269.90414,0.080694534,22.377445,0.027,73,764.40656
7/3/2026 11:18,40708.945,43836.195,28.610167,24.564625,1.0195695,28.493526,8.410007,111.41718,173.96796,7.932398,-65.32192,256.5527,19.719223,21.26495,0.009,73,764.40656
7/3/2026 11:48,40271.74,43826.707,28.585497,24.83131,1.019685,28.48736,8.30322,108.961426,170.26744,7.9335947,-65.27901,273.6044,11.306062,20.753185,0.009,73,764.40656
7/3/2026 12:18,40268.973,43927.85,28.65481,24.833015,1.0197673,28.553102,8.195161,107.36196,167.79695,7.9242444,-64.702034,275.72156,3.7162204,20.639114,0,73,764.40656
7/3/2026 12:48,40409.57,43906.023,28.645838,24.746613,1.0197107,28.538916,8.396692,110.38415,172.4703,7.9467106,-66.07056,275.29718,1.8316085,20.830633,0,73,764.40656
7/3/2026 13:18,40457.33,43903.74,28.646296,24.717402,1.0196954,28.537432,8.445716,111.14985,173.65096,7.948826,-66.20884,254.90283,30.599068,20.89009,0.009,73,764.40656
7/3/2026 13:48,40586.746,43885.61,28.639221,24.638586,1.0196445,28.525646,8.480091,111.95434,174.86101,7.9488072,-66.24699,281.33392,11.429071,21.064417,0.009,73,764.40656
7/3/2026 14:18,40913.383,43930.773,28.683558,24.44188,1.0195882,28.555004,8.48462,112.73871,175.99313,7.935262,-65.522194,283.72287,0.56014556,21.40392,0,73,764.40656
7/3/2026 14:48,41005.33,43900.598,28.66633,24.387075,1.0195371,28.535389,8.461996,112.719406,175.92323,7.939881,-65.82737,290.42242,10.333011,21.54709,0,73,764.40656
7/3/2026 15:18,41622.78,43932.29,28.711376,24.025305,1.019382,28.555988,8.5991535,116.03403,180.89172,7.9426284,-66.14685,270.47156,27.5029,22.247658,0.018,73,764.40656
7/3/2026 15:48,42471.8,43978.19,28.772043,23.545034,1.0191622,28.585825,8.613714,118.275665,184.08783,7.935575,-65.94181,286.53143,20.74344,23.206644,0.018,73,764.40656
7/3/2026 16:18,43446.03,44056.535,28.855907,23.017061,1.0189205,28.636747,8.421025,117.875114,183.11493,7.892798,-63.624382,273.46613,3.2542126,24.27449,0.036,73,764.40656
7/3/2026 16:48,44090.57,43963.2,28.806923,22.680586,1.0186263,28.57608,8.237173,117.03367,181.50787,7.85504,-61.55014,269.3033,8.897343,25.151688,0.045,73,764.40656
7/3/2026 17:18,43887.312,42778.93,27.96469,22.78563,1.0176297,27.806305,7.897654,113.99846,176.37708,7.7885156,-57.797432,259.6712,25.044823,26.35652,0.081,73,764.40656
7/3/2026 17:48,42304.215,40300.465,26.183046,23.638306,1.0159079,26.195303,7.627434,111.317795,171.77386,7.701162,-52.76203,273.8142,14.772088,27.603155,0.09,73,764.40656
7/3/2026 18:18,40297.16,37941.68,24.491823,24.815645,1.0144386,24.662092,7.4639444,109.08327,168.08255,7.6235785,-48.179626,268.91708,2.6197793,28.250345,0.117,73,764.40656
7/3/2026 18:48,38645.246,36162.234,23.223572,25.876404,1.0133818,23.505453,7.2945733,106.46937,163.92525,7.556176,-44.150352,283.63226,5.147023,28.594929,0.126,73,764.40656
7/3/2026 19:18,37422.58,34906.887,22.333355,26.721836,1.0126607,22.689476,6.948913,101.22477,155.78583,7.48827,-40.05909,271.80194,23.819233,28.773222,0.135,73,764.40656
7/3/2026 19:48,36264.43,33756.95,21.521355,27.57523,1.0120181,21.942017,6.668257,96.88717,149.06973,7.443443,-37.355423,298.99597,13.7662325,28.889027,0.135,73,764.40656
7/3/2026 20:18,35131.43,32697.646,20.776098,28.46454,1.0114597,21.25347,6.299889,91.17004,140.27078,7.389421,-34.07955,299.19623,2.5556874,28.897017,0.135,73,764.40656
7/3/2026 20:48,33448.15,31161.178,19.700699,29.89702,1.0106751,20.254766,6.033469,86.7168,133.4363,7.332047,-30.593872,214.62918,3.2149549,28.842497,0.135,73,764.40656
7/3/2026 21:18,32675.922,30529.744,19.26014,30.603575,1.0103976,19.844334,5.429166,77.62974,119.49868,7.2807117,-27.46582,199.4896,26.353437,28.680523,0.126,73,764.40656
7/3/2026 21:48,30751.266,28735.514,18.017157,32.518986,1.0094734,18.678085,5.457774,77.4926,119.28975,7.2616854,-26.311874,294.11792,20.163155,28.672695,0.126,73,764.40656
7/3/2026 22:18,40576.67,42159.633,27.446037,24.644703,1.0182084,27.40376,7.12371,96.77373,150.66637,7.7519956,-54.984093,252.38513,0.4354958,23.034199,0.054,73,764.40656
7/3/2026 22:48,41122.387,43486.582,28.384373,24.317656,1.0191602,28.26628,8.086352,108.72346,169.52103,7.902298,-63.734055,271.27744,3.0457451,22.153608,0.018,73,764.40656
7/3/2026 23:18,41020.773,43562.434,28.433168,24.377892,1.0192534,28.315582,8.016996,107.4176,167.54178,7.908528,-64.058304,262.78018,3.760059,21.945274,0.009,73,764.40656
7/3/2026 23:48,40937.62,43657.168,28.49555,24.427408,1.0193565,28.37716,7.977013,106.52226,166.20059,7.914278,-64.35394,284.276,1.6073017,21.738575,0.009,73,764.40656
7/4/2026 0:18,40643.78,43878.18,28.63644,24.60401,1.0196222,28.520819,7.8098645,103.248055,161.24373,7.9034147,-63.581467,285.35367,0.6827314,21.140675,0,73,764.40656
7/4/2026 0:48,40233.117,43916.2,28.64525,24.855146,1.0197676,28.54553,7.6335444,99.94363,156.20981,7.8916206,-62.770844,292.65405,1.8296022,20.609102,0,73,764.40656
7/4/2026 1:18,40250.7,43939.215,28.661808,24.84429,1.0197816,28.56049,7.5044045,98.254715,153.57108,7.8816133,-62.179565,291.71942,1.2623006,20.604929,0,73,764.40656
7/4/2026 1:48,40227.047,43943.11,28.663452,24.858896,1.0197912,28.56302,7.4139214,97.01305,151.63773,7.870978,-61.545372,301.7378,1.6362832,20.572495,0,73,764.40656
7/4/2026 2:18,40162.227,43959.367,28.671751,24.899017,1.0198219,28.57359,7.3702683,96.27814,150.51039,7.8603983,-60.90164,302.54364,1.3393329,20.477571,0,73,764.40656
7/4/2026 2:48,40192.363,43939.18,28.659235,24.880348,1.0197974,28.560467,6.9639597,91.06085,142.34193,7.7668138,-55.394173,301.4469,11.150282,20.535458,0,73,764.40656
7/4/2026 3:18,40247.81,43941.61,28.663328,24.846073,1.0197841,28.562046,6.9165063,90.5483,141.5273,7.7900524,-56.777,250.36334,9.698001,20.598871,0,73,764.40656
7/4/2026 3:48,40318.53,43913.62,28.647177,24.80249,1.0197421,28.543856,6.527646,85.62994,133.81671,7.766486,-55.408478,277.8244,11.566555,20.71375,0.009,73,764.40656
7/4/2026 4:18,40679.266,44033.168,28.74462,24.582548,1.0197381,28.62156,5.711106,75.37262,117.733665,7.622662,-46.96846,234.69449,4.4250455,21.012165,0.009,73,764.40656
7/4/2026 4:48,40923.195,43936.7,28.68803,24.43602,1.0195904,28.558855,5.3945127,71.68759,111.90851,7.554201,-42.9821,207.30496,20.460756,21.409039,0.009,73,764.40656
7/4/2026 5:18,40759.93,43196.77,28.170668,24.5339,1.0190274,28.0779,5.104294,68.41139,106.68536,7.4905357,-39.30092,170.69817,16.029985,22.046463,0.009,73,764.40656
7/4/2026 5:48,39480.434,41212.74,26.755655,25.329002,1.0177518,26.78828,4.6179094,62.22176,96.91149,7.3920107,-33.545494,181.86569,13.244413,22.799307,0.009,73,764.40656
7/4/2026 6:18,37718.645,38860.37,25.080402,26.512087,1.0163043,25.259241,4.0194764,54.27475,84.43723,7.272514,-26.50261,167.65118,2.890186,23.461767,0.018,73,764.40656
7/4/2026 6:48,36405.152,37216.12,23.914606,27.46864,1.0153149,24.19048,3.5592551,48.077385,74.74294,7.1834197,-21.224022,165.2813,5.115102,23.85912,0.036,73,764.40656
7/4/2026 7:18,35425.066,35999.56,23.055994,28.2286,1.014583,23.399714,3.3122058,44.76203,69.550285,7.132581,-18.210411,179.62933,44.893925,24.164488,0.036,73,764.40656
7/4/2026 7:48,34731.28,35109.098,22.430346,28.792488,1.0140357,22.820913,3.2622716,44.1414,68.55163,7.1319833,-18.191338,206.17485,28.431557,24.436586,0.036,73,764.40656
7/4/2026 8:18,34481.35,34684.824,22.134663,29.001183,1.0137408,22.545135,3.180516,43.157024,66.99083,7.1156178,-17.228127,238.76666,7.627474,24.692862,0.045,73,764.40656
7/4/2026 8:48,33937.18,33847.387,21.550863,29.466208,1.0131749,22.000801,3.3552542,45.733513,70.929985,7.1100926,-16.92295,260.44846,4.553939,25.138893,0.054,73,764.40656
7/4/2026 9:18,33595.793,33117.965,21.045788,29.765633,1.0126176,21.526676,3.6234508,49.780437,77.113396,7.1052203,-16.665459,267.663,44.952858,25.755394,0.072,73,764.40656
7/4/2026 9:48,33158.914,32342.295,20.508087,30.157803,1.0120482,21.022491,3.927087,54.31876,84.047295,7.112148,-17.113686,291.72897,46.128605,26.321953,0.081,73,764.40656
7/4/2026 10:18,33397.137,32425.22,20.568413,29.942686,1.01202,21.076393,4.0302176,56.002563,86.6084,7.1004257,-16.422272,305.31406,1.883701,26.569324,0.099,73,764.40656
7/4/2026 10:48,35848.36,34457.504,22.002434,27.895279,1.0129294,22.397379,7.553575,106.801186,164.97943,7.4655895,-38.471222,273.5901,5.077346,27.113317,0.09,73,764.40656
7/4/2026 11:18,41465.02,43930.508,28.704416,24.116714,1.0194274,28.554829,8.440239,113.50514,177.0032,7.922097,-64.888,263.1712,1.2021794,22.061651,0.027,73,764.40656
7/4/2026 11:48,41209.973,44022.7,28.75865,24.26597,1.0195782,28.614756,8.349526,111.498764,173.98837,7.933192,-65.45544,288.24805,3.127626,21.654839,0.009,73,764.40656
7/4/2026 12:18,41026.402,44098.16,28.803574,24.374548,1.0196927,28.663805,8.36811,111.16559,173.55124,7.937953,-65.67001,277.45245,4.2680144,21.353022,0.009,73,764.40656
7/4/2026 12:48,40781.71,44093.47,28.79038,24.520796,1.0197582,28.660755,8.498422,112.30221,175.40352,7.9511356,-66.38527,294.5566,1.87182,21.06766,0.009,73,764.40656
7/4/2026 13:18,40693.723,44103.72,28.79378,24.573814,1.0197912,28.667418,8.3949995,110.703384,172.93706,7.943746,-65.92274,274.33395,12.55461,20.951954,0,73,764.40656
7/4/2026 13:48,40460.016,44098.918,28.780523,24.71576,1.0198522,28.664297,8.3695545,109.8098,171.6122,7.9362955,-65.42206,287.55664,1.1597537,20.679747,0,73,764.40656
7/4/2026 14:18,40375.426,44139.42,28.804638,24.76754,1.019908,28.690624,8.334681,109.07772,170.50508,7.9409637,-65.665245,286.53622,0.63551784,20.535332,0,73,764.40656
7/4/2026 14:48,40276.05,44148.816,28.806679,24.828651,1.0199426,28.696732,8.192154,106.96065,167.22777,7.935545,-65.317154,286.71265,1.3253399,20.407293,0.009,73,764.40656
7/4/2026 15:18,40528.89,44119.58,28.79769,24.673758,1.0198499,28.677727,8.130185,106.79621,166.88757,7.9366374,-65.45544,269.34146,18.14213,20.738987,0.009,73,764.40656
7/4/2026 15:48,40866.37,44125.9,28.816216,24.469997,1.0197607,28.681833,8.258802,109.28191,170.66902,7.933379,-65.35053,294.8332,10.730366,21.132523,0.009,73,764.40656
7/4/2026 16:18,42101,44230.89,28.935804,23.752405,1.0194886,28.75008,8.277359,112.301865,175.00642,7.9095488,-64.23473,278.5921,4.0212684,22.478853,0.009,73,764.40656
7/4/2026 16:48,43516.27,44318.25,29.041851,22.979912,1.019125,28.806862,8.225697,114.81816,178.43837,7.880571,-62.847137,280.14185,21.738565,24.05257,0.027,73,764.40656
7/4/2026 17:18,44493.22,44391.688,29.119713,22.475334,1.0188712,28.854597,8.00362,113.85536,176.58946,7.8448014,-60.930252,255.96619,33.660877,25.119743,0.054,73,764.40656
7/4/2026 17:48,45055.684,44123.43,28.942528,22.194757,1.0184411,28.68023,7.7115045,111.45354,172.52773,7.794873,-58.131218,274.24335,21.941141,26.106192,0.063,73,764.40656
7/4/2026 18:18,44348.395,42736.742,27.943512,22.54873,1.0174236,27.778883,7.3556905,107.27736,165.7641,7.704495,-52.85263,279.79852,3.846462,26.974405,0.072,73,764.40656
7/4/2026 18:48,42234.742,40238.098,26.137897,23.677189,1.0158757,26.154762,6.9135065,100.86401,155.6445,7.584172,-45.695305,283.3557,6.5219417,27.597946,0.099,73,764.40656
7/4/2026 19:18,40108.676,38056.574,24.570139,24.932262,1.0146316,24.736773,6.263574,90.92783,140.24205,7.4511466,-37.68921,271.91162,34.752117,27.823166,0.108,73,764.40656
7/4/2026 19:48,38716.09,36675.484,23.58364,25.829054,1.0138657,23.839066,5.8588843,84.71381,130.63174,7.378086,-33.283234,297.1363,37.63503,27.913063,0.108,73,764.40656
7/4/2026 20:18,37864.87,35913.637,23.04068,26.409702,1.0134809,23.343864,5.4225845,78.078094,120.417595,7.313919,-29.39701,287.06073,3.0952008,27.844572,0.108,73,764.40656
7/4/2026 20:48,37008.28,35169.656,22.511747,27.020979,1.0131189,22.860277,4.994053,71.566025,110.40054,7.2728996,-26.90792,296.44012,4.7522154,27.737106,0.117,73,764.40656
7/4/2026 21:18,34275.125,32977.58,20.95993,29.175678,1.0121657,21.435427,5.3372326,74.95576,115.799904,7.3112354,-29.158592,283.23175,24.732244,27.060019,0.09,73,764.40656
7/4/2026 21:48,24374.004,24014.254,14.782881,41.027317,1.0079188,15.609265,5.0263014,66.683464,103.291435,7.2412567,-24.83368,225.65366,4.0961556,25.784328,0.063,73,764.40656
7/4/2026 22:18,22207.354,21974.127,13.414282,45.03013,1.0069592,14.283182,4.931419,64.65809,100.19954,7.224562,-23.813248,249.4049,1.3110256,25.55569,0.063,73,764.40656
7/4/2026 22:48,21417.209,21121.805,12.848152,46.691425,1.0064862,13.729174,4.5985894,60.289715,93.39732,7.159263,-19.907951,263.72433,1.8018743,25.732239,0.063,73,764.40656
7/4/2026 23:18,21410.727,21192.434,12.89412,46.705563,1.0065745,13.775082,4.303293,56.240173,87.15726,7.172594,-20.694733,273.5996,16.81215,25.539291,0.063,73,764.40656
7/4/2026 23:48,38896.027,42526.035,27.635859,25.709566,1.0190215,27.641924,6.8393598,88.88703,138.94487,7.775156,-55.885315,290.01712,0.8065141,20.530909,0.018,72,764.40656
7/5/2026 0:18,39475.016,43354.664,28.227325,25.33248,1.0195261,28.180532,7.0621796,91.73615,143.44466,7.8208394,-58.53653,289.89792,0.55160725,20.314854,0,72,764.40656
7/5/2026 0:48,39786.977,43993.363,28.67798,25.133852,1.0199504,28.595686,7.175768,92.90557,145.3416,7.845416,-59.919357,267.63916,0.33753243,19.994024,0,72,764.40656
7/5/2026 1:18,39784.973,43949.746,28.648092,25.135118,1.0199164,28.567335,6.958372,90.14961,141.02101,7.8201556,-58.441162,256.0663,12.505787,20.038628,0,72,764.40656
7/5/2026 1:48,39767.484,43940.906,28.641235,25.146172,1.0199139,28.56159,6.888104,89.216774,139.56407,7.8240814,-58.670044,277.57645,4.247883,20.027327,0,72,764.40656
7/5/2026 2:18,39824.11,44027.195,28.702816,25.110416,1.0199672,28.617678,7.0654035,91.50324,143.14618,7.83243,-59.156418,240.21625,1.2801453,20.001799,0,72,764.40656
7/5/2026 2:48,39757.117,43940.03,28.640154,25.152729,1.019916,28.561022,6.9402037,89.872055,140.59146,7.8194227,-58.39348,258.9035,4.517167,20.015915,0,72,764.40656
7/5/2026 3:18,39793.85,43973.598,28.664791,25.12951,1.0199329,28.58284,6.8655033,88.93013,139.11646,7.8142943,-58.09307,242.8198,8.879902,20.023493,0,72,764.40656
7/5/2026 3:48,39756.6,43818.94,28.55739,25.153055,1.01982,28.482311,6.461679,83.83699,131.12556,7.7523546,-54.46911,272.4743,8.407454,20.14621,0,72,764.40656
7/5/2026 4:18,39757.043,43705.504,28.479841,25.152777,1.0197294,28.408577,6.030573,78.38737,122.57974,7.6752496,-49.948692,269.97565,2.132304,20.270031,0,72,764.40656
7/5/2026 4:48,39600.168,43390.367,28.257292,25.252419,1.0195203,28.20374,5.6548924,73.620735,115.09909,7.6049986,-45.833588,278.20587,5.036327,20.426641,0,72,764.40656
7/5/2026 5:18,38928.24,42362.934,27.525782,25.688293,1.0188801,27.535908,5.238731,68.32253,106.763176,7.5100913,-40.283203,257.3681,5.779788,20.755089,0,72,764.40656
7/5/2026 5:48,36342.008,39127.773,25.218262,27.516367,1.016997,25.433054,4.518032,58.687035,91.633484,7.399132,-33.79345,261.53088,17.490986,21.272427,0.009,72,764.40656
7/5/2026 6:18,28903.28,30305.62,19.045065,34.598152,1.0119939,19.698654,3.5808609,45.957745,71.6068,7.160152,-19.750595,159.8835,1.8442739,22.577318,0.018,72,764.40656
7/5/2026 6:48,23233.125,24100.662,14.82025,43.041992,1.0086733,15.66543,3.0110247,38.085598,59.28693,7.0740333,-14.662743,190.92084,2.2440865,23.115374,0.018,72,764.40656
7/5/2026 7:18,19481.713,20143.607,12.186754,51.33019,1.006651,13.093346,2.5666578,32.07281,49.912758,7.010056,-10.86235,162.42505,6.4332695,23.279644,0.027,72,764.40656
7/5/2026 7:48,16732.055,17277.695,10.313523,59.765522,1.0052264,11.230502,2.4379828,30.175604,46.95479,6.9815264,-9.226799,199.44669,5.368586,23.346563,0.027,72,764.40656
7/5/2026 8:18,15985.816,16488.232,9.803228,62.555454,1.0048281,10.717351,2.298122,28.391603,44.174297,6.9635262,-8.220673,205.00659,1.3274665,23.404648,0.027,72,764.40656
7/5/2026 8:48,13859.218,14245.462,8.367388,72.154144,1.0037045,9.25955,2.4185877,29.73079,46.243607,6.9541626,-7.70092,177.44064,1.8402734,23.580446,0.036,72,764.40656
7/5/2026 9:18,13600.651,13956.406,8.184114,73.52589,1.0035453,9.071665,2.4616742,30.276058,47.084625,6.932597,-6.494522,176.67294,10.183567,23.66542,0.027,72,764.40656
7/5/2026 9:48,12073.191,12363.513,7.179612,82.82814,1.0027639,8.0362835,2.5516174,31.26269,48.609886,6.9491415,-7.4243546,173.18726,7.883585,23.770573,0.036,72,764.40656
7/5/2026 10:18,11986.046,12231.597,7.097428,83.43035,1.0026566,7.950538,2.6192687,32.18206,50.023376,6.9327416,-6.508827,179.60548,1.1925447,23.948946,0.036,72,764.40656
7/5/2026 10:48,10886.812,11031.445,6.3499813,91.854256,1.0020015,7.1704392,3.0072608,37.039017,57.534702,6.95688,-7.8725815,155.83038,1.7989206,24.313557,0.045,72,764.40656
7/5/2026 11:18,14391.259,14269.543,8.388377,69.486626,1.0032282,9.275203,5.6518083,71.88469,111.42233,7.155684,-19.674301,197.79205,2.2021751,25.446583,0.054,72,764.40656
7/5/2026 11:48,41598.055,42351.605,27.609898,24.039585,1.0180403,27.528543,9.094422,125.941025,195.71867,7.9544115,-67.25788,227.04602,4.593112,24.068443,0.054,72,764.40656
7/5/2026 12:18,42217.805,43428.676,28.380295,23.68669,1.0187721,28.22864,9.137701,125.92733,195.8827,7.967702,-67.93022,236.11545,2.9046142,23.540216,0.036,72,764.40656
7/5/2026 12:48,42135.855,43691.137,28.560974,23.732756,1.0190223,28.39924,9.046793,123.91662,192.89108,7.9756675,-68.31169,245.07047,3.6401303,23.13627,0.027,72,764.40656
7/5/2026 13:18,42133.004,43837.367,28.662844,23.734364,1.0191474,28.49429,8.999507,122.96593,191.46774,7.978499,-68.44044,234.40839,2.0278444,22.964436,0.018,72,764.40656
7/5/2026 13:48,42055.188,43842.145,28.663609,23.77828,1.0191755,28.497395,9.003974,122.812546,191.26105,7.9880257,-68.98403,250.69237,0.47754586,22.86603,0.018,72,764.40656
7/5/2026 14:18,42039.11,43872.676,28.684343,23.787374,1.0192062,28.51724,8.966599,122.199745,190.32422,7.9937735,-69.31305,248.70395,0.33091304,22.81189,0.018,72,764.40656
7/5/2026 14:48,41681.363,43962.938,28.734747,23.991537,1.0193901,28.575909,8.978578,121.24682,189.00726,7.9997196,-69.54193,255.33676,2.5120463,22.282843,0.018,72,764.40656
7/5/2026 15:18,41473.95,44075.273,28.80507,24.11152,1.0195447,28.648928,8.982106,120.53296,188.00883,7.999592,-69.44656,239.83955,10.170012,21.909945,0.009,72,764.40656
7/5/2026 15:48,41454.934,44053.367,28.789179,24.122581,1.0195323,28.63469,8.869297,119.012314,185.6364,7.992181,-69.00787,256.51456,0.48786086,21.911842,0.009,72,764.40656
7/5/2026 16:18,41726.01,44092.688,28.826416,23.965866,1.0194849,28.660248,8.7819,118.45612,184.68523,7.990361,-68.96496,267.98248,1.8948555,22.18979,0.009,72,764.40656
7/5/2026 16:48,42305.73,44059.543,28.823425,23.637459,1.0192823,28.638702,8.8225975,120.55686,187.7322,7.984141,-68.76469,242.36679,8.158082,22.915941,0.018,72,764.40656
7/5/2026 17:18,43218.59,44042.45,28.839602,23.138191,1.0189816,28.627594,8.618242,120.09125,186.64404,7.94069,-66.428185,241.5228,10.322245,24.020626,0.027,72,764.40656
7/5/2026 17:48,43976.94,43934.49,28.783848,22.73919,1.0186387,28.557417,8.243488,116.90437,181.34256,7.880152,-63.033104,267.2672,8.156686,25.05059,0.045,72,764.40656
7/5/2026 18:18,43673.84,43095.145,28.183907,22.897001,1.0179926,28.011845,7.7081203,110.16755,170.67505,7.7988,-58.288574,268.67865,4.009333,25.703053,0.063,72,764.40656
7/5/2026 18:48,41806.69,40860.86,26.569654,23.919617,1.016626,26.55956,7.04831,100.69279,155.8368,7.679523,-51.21708,276.44635,7.153296,26.211918,0.072,72,764.40656
7/5/2026 19:18,38061.56,37081.05,23.85671,26.273228,1.0145385,24.102682,6.2108407,87.63854,135.58554,7.5080457,-40.9317,260.73932,7.987951,26.384413,0.09,72,764.40656
7/5/2026 19:48,33984.54,33119.47,21.053204,29.425146,1.012443,21.527655,5.4381976,75.51101,116.82709,7.352229,-31.557083,276.04102,7.5168743,26.367523,0.081,72,764.40656
7/5/2026 20:18,31578.664,30829.135,19.452265,31.66695,1.0112723,20.038939,4.7347918,65.0469,100.65706,7.252001,-25.520325,261.0302,2.1296265,26.2729,0.072,72,764.40656
7/5/2026 20:48,30221.932,29575.596,18.582075,33.088554,1.0106585,19.224138,4.311606,58.81161,91.03214,7.197919,-22.258759,276.41296,3.4359252,26.14417,0.072,72,764.40656
7/5/2026 21:18,29228.176,28706.09,17.980528,34.213562,1.0102639,18.658958,3.9454508,53.455605,82.77389,7.162592,-20.122528,259.61398,9.7673025,25.952213,0.072,72,764.40656
7/5/2026 21:48,28220.18,27836.055,17.380749,35.435635,1.009881,18.093437,3.653527,49.135006,76.11855,7.148708,-19.273758,274.7011,8.057659,25.722488,0.063,72,764.40656
7/5/2026 22:18,27570.4,27295.293,17.008791,36.270782,1.0096581,17.74194,3.4199402,45.740036,70.88645,7.119026,-17.48085,254.65012,1.555563,25.52769,0.063,72,764.40656
7/5/2026 22:48,26954.742,26761.162,16.64269,37.099224,1.0094261,17.394754,3.2891467,43.784428,67.87551,7.1036615,-16.551018,266.52338,2.3572004,25.378721,0.054,72,764.40656
7/5/2026 23:18,26742.072,26625.902,16.549234,37.39426,1.0093985,17.306837,2.9120526,38.64134,59.920086,7.0847816,-15.411377,203.86218,11.170058,25.228436,0.054,72,764.40656
7/5/2026 23:48,33604.258,35136.98,22.420235,29.758133,1.0145017,22.839039,5.1836824,68.012596,105.94575,7.4497113,-36.964417,223.76538,8.605573,22.716162,0.036,72,764.40656
7/6/2026 0:18,40392.258,43673.496,28.485252,24.75722,1.0195271,28.387774,6.966708,91.89496,143.52992,7.8385587,-59.73339,269.55127,1.4909731,21.066433,0.009,72,764.40656
7/6/2026 0:48,39878.02,43409,28.28209,25.076471,1.0194579,28.21585,7.151796,93.66371,146.36526,7.8480797,-60.2293,261.66916,0.6829152,20.74125,0,72,764.40656
7/6/2026 1:18,40021.273,43843.504,28.586113,24.986712,1.0197675,28.49828,7.207437,94.03077,147.00633,7.8543987,-60.539246,258.14532,2.1862733,20.435658,0,72,764.40656
7/6/2026 1:48,40090.21,44113.066,28.773813,24.943745,1.0199642,28.673494,7.2274647,94.03051,147.05167,7.855216,-60.544014,266.71887,3.737474,20.225435,0,72,764.40656
7/6/2026 2:18,40044,44094.1,28.758715,24.97253,1.0199616,28.661165,6.9785147,90.72562,141.89041,7.836881,-59.456825,282.15884,1.236121,20.191032,0,72,764.40656
7/6/2026 2:48,39793.277,43920.375,28.628403,25.129873,1.0198908,28.548244,7.362019,95.44153,149.2901,7.8714337,-61.469078,251.32657,0.23899995,20.080223,0,72,764.40656
7/6/2026 3:18,39801.97,43912.953,28.623728,25.124386,1.0198826,28.543419,7.3072095,94.76074,148.22124,7.8631907,-60.987473,237.48874,20.19855,20.098604,0,72,764.40656
7/6/2026 3:48,39752.668,43875.293,28.595718,25.155544,1.0198658,28.51894,7.237899,93.81498,146.74577,7.858882,-60.72998,260.08606,0.89990073,20.080503,0,72,764.40656
7/6/2026 4:18,39712.594,43853.83,28.5792,25.18093,1.0198597,28.504988,7.1000824,91.97747,143.87672,7.838156,-59.50451,274.78696,1.7458882,20.05588,0,72,764.40656
7/6/2026 4:48,39558.34,43677.47,28.451628,25.27912,1.019761,28.390354,6.908034,89.43306,139.89526,7.816593,-58.236122,273.6807,5.556693,20.062414,0,72,764.40656
7/6/2026 5:18,39307.406,43393.125,28.246002,25.440498,1.0196025,28.20553,6.4311337,83.17023,130.09712,7.725709,-52.88601,268.96954,3.3979104,20.070372,0,72,764.40656
7/6/2026 5:48,39023.12,43040.195,27.992306,25.625834,1.0193989,27.976126,5.9629455,77.06151,120.534134,7.637325,-47.688484,268.99814,4.9880605,20.113447,0,72,764.40656
7/6/2026 6:18,38208.508,41959.96,27.220081,26.172182,1.01876,27.273973,5.455502,70.45162,110.16206,7.5314136,-41.480064,245.67126,1.8665484,20.319082,0,72,764.40656
7/6/2026 6:48,36396.758,39665.56,25.585318,27.474976,1.0174263,25.782612,5.013404,64.559235,100.89316,7.4314656,-35.63404,215.46364,3.7585382,20.68539,0,72,764.40656
7/6/2026 7:18,33574.727,36266.7,23.181665,29.784307,1.015496,23.573355,4.5666695,58.44467,91.27755,7.3300457,-29.69265,180.39703,3.0344055,21.113766,0,72,764.40656
7/6/2026 7:48,30224.73,32383.695,20.467493,33.08549,1.0133429,21.049402,4.0504074,51.39633,80.21997,7.2257423,-23.560524,178.19405,2.7409384,21.509516,0.009,72,764.40656
7/6/2026 8:18,27535.295,29352.943,18.375101,36.317024,1.0116998,19.079412,3.7595482,47.344494,73.86661,7.157614,-19.545555,173.16342,0.51552016,21.757914,0.009,72,764.40656
7/6/2026 8:48,25560.621,27195.48,16.899906,39.12268,1.010563,17.677063,3.6188467,45.26232,70.60728,7.1305447,-17.94815,170.69339,2.3001742,21.852613,0.018,72,764.40656
7/6/2026 9:18,23655.174,25150.904,15.513935,42.27405,1.0095094,16.348087,3.4956374,43.39741,67.69441,7.1010547,-16.202927,182.1518,1.9497604,21.886375,0.018,72,764.40656
7/6/2026 9:48,21514.168,22889.648,13.995604,46.481,1.008373,14.878271,3.5380576,43.51151,67.87595,7.09207,-15.668869,221.3049,1.7332836,21.853832,0.009,72,764.40656
7/6/2026 10:18,20694.596,22026.688,13.420542,48.321793,1.0079445,14.317348,3.687072,45.1757,70.47429,7.082992,-15.130043,234.08414,1.0538152,21.833702,0.009,72,764.40656
7/6/2026 10:48,18908.373,20147.96,12.177382,52.886623,1.0070208,13.096174,3.7799623,45.932934,71.66192,7.08787,-15.416145,265.23114,2.1511858,21.778837,0.009,72,764.40656
7/6/2026 11:18,17881.39,19071.377,11.470573,55.92406,1.0064993,12.396395,3.7854016,45.770912,71.41435,7.0839653,-15.182495,222.30148,2.5199146,21.73317,0.009,72,764.40656
7/6/2026 11:48,35000.434,38336.04,24.629946,28.571075,1.0167627,24.918425,7.3372693,93.53542,146.22995,7.7061253,-51.79882,272.04514,0.6016095,20.444519,0.009,72,764.40656
7/6/2026 12:18,39155.098,43254.582,28.144508,25.53946,1.0195336,28.115479,7.312779,94.45839,147.76135,7.8075237,-57.697296,271.87823,0.5622617,20.037918,0,72,764.40656
7/6/2026 12:48,38976.656,43114.848,28.041048,25.656382,1.019471,28.024652,7.4889674,96.56162,151.06534,7.8351145,-59.309006,274.415,0.52709585,19.974836,0,72,764.40656
7/6/2026 13:18,37947.457,41982.277,27.223589,26.352226,1.0188514,27.28848,7.5890965,97.36883,152.32964,7.846073,-59.952736,256.7911,0.6475147,19.968184,0,72,764.40656
7/6/2026 13:48,37766.42,41821.367,27.10613,26.478548,1.0187731,27.183887,7.6908875,98.524445,154.14754,7.870047,-61.354637,270.8435,0.48130968,19.923628,0,72,764.40656
7/6/2026 14:18,37285.402,41344.137,26.76072,26.820148,1.0185266,26.87369,7.752606,98.99515,154.89812,7.8816986,-62.026978,267.21002,0.46682465,19.860233,0,72,764.40656
7/6/2026 14:48,37585.023,41697.37,27.01374,26.606342,1.0187248,27.103292,7.7233973,98.725945,154.48221,7.888754,-62.437057,265.7175,0.26586035,19.836456,0,72,764.40656
7/6/2026 15:18,38945.473,43190.695,28.091251,25.676926,1.0195397,28.073952,7.427498,95.58197,149.55888,7.867783,-61.206818,241.27484,0.19479086,19.853914,0,72,764.40656
7/6/2026 15:48,38913.3,43172.625,28.07744,25.698154,1.019534,28.062206,7.4457097,95.774185,149.86378,7.872957,-61.507225,251.2312,0.16887555,19.834661,0,72,764.40656
7/6/2026 16:18,39183.785,43457.293,28.284,25.520761,1.0196868,28.247242,7.3741264,94.99892,148.6471,7.8687644,-61.264038,256.64807,0.14104283,19.851408,0,72,764.40656
7/6/2026 16:48,38879.57,43116.95,28.03796,25.72045,1.019499,28.026016,7.2173443,92.84964,145.28343,7.8544903,-60.424805,278.72562,0.43454513,19.854637,0,72,764.40656
7/6/2026 17:18,37951.227,42112.953,27.312443,26.34961,1.0189545,27.373419,7.073613,90.56224,141.7101,7.806612,-57.60193,255.40352,0.13820422,19.826025,0,72,764.40656
7/6/2026 17:48,35870.633,39850.31,25.687555,27.877958,1.0177332,25.9027,6.987501,88.512924,138.51425,7.7451887,-53.977966,262.93277,0.15945402,19.771435,0,72,764.40656
7/6/2026 18:18,29792.969,33160.33,20.965977,33.56497,1.0141705,21.554214,7.0982,87.29218,136.62114,7.655055,-48.661232,273.52332,0.070577554,19.683363,0,72,764.40656
7/6/2026 18:48,27820.227,30868.1,19.380697,35.945072,1.0129335,20.064264,6.5221205,79.68215,124.68434,7.472291,-37.932396,280.09415,0.107085325,19.830439,0,72,764.40656
7/6/2026 19:18,24558.004,27155.697,16.841959,40.71992,1.0109724,17.651203,5.97999,72.19341,112.93984,7.3081555,-28.290749,256.02817,0.03861953,19.991661,0,72,764.40656
7/6/2026 19:48,19941.154,22017.062,13.392886,50.14755,1.0083454,14.31109,5.582174,66.12507,103.43568,7.1705346,-20.194054,238.85727,0.039664615,20.063543,0,72,764.40656
7/6/2026 20:18,13506.233,14925.703,8.780013,74.03989,1.0048652,9.701708,5.3240805,61.325874,95.93453,7.0495834,-13.0701065,216.15982,0.04003866,20.020819,0,72,764.40656
7/6/2026 20:48,8445.106,9362.0205,5.3095565,118.411766,1.0022696,6.0853133,5.4113493,60.89209,95.27647,6.9833083,-9.217262,209.51749,0.048620556,19.872267,0,72,764.40656
7/6/2026 21:18,5564.644,6184.9272,3.4060495,179.70601,1.0008519,4.0202026,5.4166217,60.125,94.09286,6.9353538,-6.5612793,190.5203,0.091325216,19.749239,0,72,764.40656
7/6/2026 21:48,3614.0588,4021.347,2.1541855,276.6972,0.9999115,2.6138756,5.321124,58.57005,91.66625,6.8751826,-3.232956,200.77228,0.09350385,19.697304,0,72,764.40656
7/6/2026 22:18,2778.0752,3093.9893,1.631951,359.96146,0.99952286,2.011093,5.2714114,57.794693,90.45834,6.864583,-2.6464462,203.9051,0.122880206,19.654148,0,72,764.40656
7/6/2026 22:48,2359.5007,2629.4976,1.3743817,423.81848,0.9993329,1.7091734,5.2397976,57.32657,89.72949,6.842161,-1.4066696,210.11353,0.068557255,19.624086,0,72,764.40656
7/6/2026 23:18,2066.0923,2303.074,1.1952158,484.0055,0.99919873,1.4969981,5.187104,56.67718,88.71447,6.8499255,-1.835823,206.26068,0.040457413,19.61267,0,72,764.40656
7/6/2026 23:48,1783.8445,1988.2922,1.0240396,560.587,0.9990673,1.29239,5.1155095,55.842613,87.4077,6.83966,-1.2683868,216.83215,0.04926613,19.61645,0,72,764.40656
7/7/2026 0:18,1634.5083,1821.9355,0.9342623,611.8048,0.99899954,1.1842581,4.9639163,54.15647,84.76877,6.828619,-0.6580353,228.51468,0.051676575,19.614,0,72,764.40656
7/7/2026 0:48,18708.256,21018.736,12.721482,53.452335,1.0080216,13.662178,6.9470844,80.67677,126.34551,7.4130836,-34.37996,251.3075,0.4323314,19.244774,0,72,764.40656
7/7/2026 1:18,36802.832,41297.895,26.7067,27.171822,1.0186236,26.843632,6.920933,87.42398,136.90132,7.707205,-51.660538,263.19504,0.6309073,19.30132,0,72,764.40656
7/7/2026 1:48,37263.836,41844.402,27.097872,26.83567,1.0189291,27.198862,6.8801107,87.057045,136.33292,7.735235,-53.300858,271.31558,0.57086045,19.26876,0,72,764.40656
7/7/2026 2:18,37547.965,42154.29,27.321133,26.632603,1.0190966,27.400288,6.8727064,87.0954,136.39105,7.758345,-54.659843,267.5581,0.5306753,19.278902,0,72,764.40656
7/7/2026 2:48,38205.156,42839.88,27.817368,26.174477,1.0194603,27.84592,6.8988347,87.77868,137.45012,7.7775664,-55.799484,277.20453,0.5116909,19.335756,0,72,764.40656
7/7/2026 3:18,38431.02,42984.203,27.9263,26.020647,1.019514,27.939732,6.9433365,88.59889,138.7114,7.8009586,-57.196617,262.83264,0.54700756,19.454086,0,72,764.40656
7/7/2026 3:48,38887.75,43376.277,28.21473,25.715038,1.0197016,28.194582,7.0178523,89.91893,140.75256,7.832572,-59.080124,281.52466,0.27254498,19.58226,0,72,764.40656
7/7/2026 4:18,38932.664,43412.707,28.24167,25.685373,1.0197184,28.21826,7.005153,89.79536,140.55614,7.830088,-58.937073,273.09894,0.28672314,19.597034,0,72,764.40656
7/7/2026 4:48,38889.363,43352.64,28.198748,25.713972,1.0196825,28.179216,6.9688344,89.32831,139.82254,7.8326397,-59.08966,279.77466,0.26071084,19.6098,0,72,764.40656
7/7/2026 5:18,38799.01,43287.406,28.150038,25.773853,1.0196551,28.136814,6.77646,86.77485,135.83315,7.8084373,-57.65915,262.3844,0.24954137,19.571297,0,72,764.40656
7/7/2026 5:48,38442.633,42937.09,27.894909,26.012787,1.0194738,27.90911,6.577083,84.013016,131.51953,7.7749414,-55.680275,280.28488,0.04396475,19.519611,0,72,764.40656
7/7/2026 6:18,34600.44,38854.56,24.960407,28.901365,1.0173036,25.255465,5.864446,73.2675,114.7384,7.5457997,-42.176247,262.67053,0.0372925,19.267632,0,72,764.40656
7/7/2026 6:48,28253.71,31797.393,20.00637,35.39358,1.0135643,20.668306,5.057167,61.229496,95.90033,7.2772665,-26.397705,238.79051,0.03642068,19.165148,0,72,764.40656
7/7/2026 7:18,22863.59,25702.041,15.843526,43.737663,1.0103941,16.706327,4.8337173,57.15359,89.5099,7.1461062,-18.701553,211.41052,0.0390699,19.217968,0,72,764.40656
7/7/2026 7:48,17822.84,19983.38,12.042238,56.10778,1.007486,12.989198,4.605182,53.36388,83.56055,7.0419016,-12.588501,225.6012,0.0393673,19.339428,0,72,764.40656
7/7/2026 8:18,12176.756,13595.134,7.9333262,82.12368,1.0043297,8.836838,4.4250326,50.239048,78.64551,6.9479504,-7.252693,227.71835,0.04013657,19.537704,0,72,764.40656
7/7/2026 8:48,6881.1934,7654.1514,4.277572,145.32362,1.0015211,4.9751983,4.427331,49.361492,77.252495,6.863711,-2.5987625,213.85193,0.09036914,19.712803,0,72,764.40656
7/7/2026 9:18,4533.1543,5028.28,2.7317703,220.59695,1.0003198,3.268382,4.5616984,50.529655,79.06575,6.8388667,-1.2254715,201.31111,0.28559893,19.844599,0,72,764.40656
7/7/2026 9:48,3257.6597,3593.8013,1.9126564,306.96884,0.9996431,2.3359709,4.821946,53.4275,83.568794,6.8360915,-1.0728836,217.4425,0.040900104,20.102947,0,72,764.40656
7/7/2026 10:18,2391.1294,2629.5842,1.3748827,418.2124,0.99920255,1.7092298,5.064273,56.100513,87.730545,6.8305726,-0.7677078,227.55623,0.1446917,20.252274,0,72,764.40656
7/7/2026 10:48,1994.3667,2186.1733,1.1318897,501.4123,0.998985,1.4210126,5.2308373,58.03909,90.741394,6.8272967,-0.5865097,241.25099,0.06252516,20.406479,0,72,764.40656
7/7/2026 11:18,1774.4893,1939.064,0.9978486,563.5424,0.998851,1.2603916,5.5202017,61.382343,95.946945,6.836749,-1.1110306,233.58345,0.20329748,20.556374,0,72,764.40656
7/7/2026 11:48,1730.9386,1881.1898,0.9666886,577.72125,0.99877095,1.2227734,5.7968426,64.778465,101.21537,6.8445487,-1.5449524,250.10109,0.061813448,20.818306,0,72,764.40656
7/7/2026 12:18,1671.3402,1813.8732,0.9304272,598.3222,0.99872875,1.1790175,5.992919,67.04398,104.744415,6.835696,-1.0538101,258.78906,0.33289158,20.885897,0,72,764.40656
7/7/2026 12:48,1810.6567,1959.3627,1.0090024,552.28577,0.9987578,1.2735858,6.2371335,69.999825,109.33885,6.8998995,-4.620552,272.08328,0.1775554,21.026436,0.009,72,764.40656
7/7/2026 13:18,39312.652,42716.96,27.784067,25.437103,1.0190575,27.766026,7.97136,104.25737,162.89827,7.9042377,-63.562393,283.28418,0.103767306,20.827509,0.009,72,764.40656
7/7/2026 13:48,39172.695,42694.977,27.763134,25.527985,1.0190796,27.751736,8.065603,105.19248,164.39594,7.93112,-65.11688,289.85977,0.037927542,20.680695,0,72,764.40656
7/7/2026 14:18,39705.145,43322.836,28.215645,25.185654,1.0194366,28.159843,7.9758496,104.19807,162.85481,7.9241247,-64.6925,290.52734,0.03645656,20.627987,0,72,764.40656
7/7/2026 14:48,39595.254,43240.797,28.15471,25.255552,1.0194013,28.10652,7.9689417,103.989815,162.5396,7.932688,-65.18841,288.83456,0.039206084,20.58597,0,72,764.40656
7/7/2026 15:18,39697.414,43465.523,28.312998,25.190557,1.0195537,28.252592,7.8622427,102.457,160.17368,7.9308934,-65.05489,276.46542,0.040259738,20.461157,0,72,764.40656
7/7/2026 15:48,39595.11,43461.957,28.306026,25.255644,1.0195789,28.250273,7.7276893,100.477554,157.10703,7.925679,-64.72111,284.82913,0.07432941,20.341839,0,72,764.40656
7/7/2026 16:18,39553.19,43506.887,28.334871,25.28241,1.0196264,28.279476,7.5997553,98.648766,154.27023,7.919011,-64.30626,282.87888,0.048280083,20.242138,0,72,764.40656
7/7/2026 16:48,39525.027,43482.137,28.316685,25.300425,1.0196142,28.26339,7.589414,98.491585,154.02599,7.921303,-64.43977,283.88025,0.11270365,20.23532,0,72,764.40656
7/7/2026 17:18,39552.22,43479.555,28.316141,25.283031,1.0196048,28.261711,7.5675354,98.271935,153.67442,7.918742,-64.29672,267.42935,0.044881728,20.270885,0,72,764.40656
7/7/2026 17:48,39568.664,43427.805,28.281504,25.272524,1.0195589,28.228073,7.543109,98.07367,153.347,7.9170823,-64.21566,283.31757,0.07975042,20.347466,0,72,764.40656
7/7/2026 18:18,39755.945,43395.547,28.267641,25.153471,1.0194812,28.207106,7.4930367,97.88591,152.9937,7.8867717,-62.48474,267.8299,0.03738307,20.608877,0,72,764.40656
7/7/2026 18:48,39637.176,43032.305,28.013659,25.228842,1.0192207,27.970997,7.3815174,96.74722,151.15434,7.8459396,-60.129166,286.2072,0.034621686,20.869257,0,72,764.40656
7/7/2026 19:18,38065.504,41099.867,26.627756,26.270504,1.0181007,26.714914,7.1540966,93.461624,145.9615,7.764579,-55.3751,279.1214,0.032906897,21.134607,0,72,764.40656
7/7/2026 19:48,34320.04,36867.31,23.613312,29.137495,1.0157537,23.96375,6.735994,86.855545,135.59221,7.619405,-46.834946,288.7821,0.034183014,21.38257,0.009,72,764.40656
7/7/2026 20:18,30029.566,32202.736,20.340714,33.300514,1.0132579,20.931778,6.247814,79.15833,123.55952,7.434458,-35.905838,263.96274,0.04517654,21.466806,0.009,72,764.40656
7/7/2026 20:48,24468.418,26284.307,16.273745,40.86901,1.0102077,17.084799,5.6665235,69.9995,109.277794,7.2396994,-24.375916,239.21013,0.04024864,21.38291,0.009,72,764.40656
7/7/2026 21:18,17253.707,18603.15,11.160118,57.95856,1.0063925,12.092048,5.186193,61.969456,96.76922,7.056517,-13.532639,226.81236,0.09030821,21.202175,0.009,72,764.40656
7/7/2026 21:48,13053.442,14139.775,8.28741,76.60815,1.0042765,9.190854,4.812938,56.309875,87.961914,6.9488535,-7.338524,245.36133,0.060086396,20.977583,0,72,764.40656
7/7/2026 22:18,10405.759,11326.832,6.5215597,96.10063,1.0029958,7.3624406,4.590572,52.915836,82.68972,6.8826222,-3.657341,239.42471,0.12883835,20.742525,0.009,72,764.40656
7/7/2026 22:48,8690.957,9493.413,5.392454,115.062126,1.0021794,6.1707187,4.3935556,50.147087,78.38295,6.845088,-1.5735626,230.88455,0.03981179,20.574469,0,72,764.40656
7/7/2026 23:18,7028.183,7702.197,4.3085027,142.28429,1.0013931,5.006428,4.244529,47.992783,75.03314,6.817231,-0.02861023,224.28036,0.08646023,20.418364,0,72,764.40656
7/7/2026 23:48,5673.2134,6236.2056,3.4374223,176.26695,1.0007644,4.0535336,4.159743,46.66155,72.96754,6.8038054,0.71525574,236.33003,0.050716884,20.273405,0,72,764.40656
7/8/2026 0:18,4495.177,4958.474,2.6918814,222.46066,1.0002339,3.2230082,4.1260724,45.93183,71.843864,6.7953587,1.1825562,241.63724,0.10783387,20.10809,0,72,764.40656
7/8/2026 0:48,3852.7336,4262.408,2.2918725,259.55597,0.9999597,2.7705653,4.124865,45.683884,71.470634,6.796555,1.115799,246.35791,0.151199,19.967884,0,72,764.40656
7/8/2026 1:18,3376.1626,3747.8506,1.9992943,296.19427,0.99977076,2.4361029,4.13553,45.578266,71.321915,6.802147,0.8058548,242.14267,0.17376737,19.807663,0,72,764.40656
7/8/2026 1:48,19224.92,21406.352,12.98315,52.01582,1.008126,13.914128,5.7984366,67.994965,106.42188,7.4600058,-37.18853,255.4512,0.2484895,19.664618,0,72,764.40656
7/8/2026 2:18,38795.9,43095.375,28.01934,25.77592,1.0195043,28.011993,6.61963,85.02667,133.05762,7.7925916,-56.767464,291.81003,0.063441545,19.77662,0,72,764.40656
7/8/2026 2:48,39083.305,43423.69,28.256367,25.586372,1.019687,28.225399,6.7797527,87.18981,136.44461,7.8279667,-58.846474,297.46533,0.06002555,19.766787,0,72,764.40656
7/8/2026 3:18,39063.02,43445.125,28.269989,25.599659,1.0197095,28.239332,6.782095,87.14918,136.39035,7.8295894,-58.932304,283.10776,0.040153142,19.719093,0,72,764.40656
7/8/2026 3:48,39038.516,43418.73,28.250858,25.615728,1.0196952,28.222176,6.799411,87.36044,136.72118,7.8407807,-59.59034,286.92245,0.053222567,19.718164,0,72,764.40656
7/8/2026 4:18,38998.273,43387.93,28.227982,25.64216,1.0196815,28.202154,6.8995366,88.60986,138.67953,7.849103,-60.076714,285.01035,0.03910535,19.703022,0,72,764.40656
7/8/2026 4:48,38934.863,43312.195,28.173426,25.683922,1.0196385,28.152927,6.896829,88.5556,138.59352,7.854759,-60.4105,285.43472,0.040651068,19.708656,0,72,764.40656
7/8/2026 5:18,38923.137,43315.633,28.175205,25.69166,1.0196444,28.15516,6.8312144,87.68471,137.23404,7.845254,-59.84783,272.4886,0.0390479,19.690746,0,72,764.40656
7/8/2026 5:48,38824.4,43245.766,28.122961,25.757,1.0196157,28.109747,6.599611,84.616684,132.44054,7.826186,-58.717728,288.56754,0.036467087,19.647217,0,72,764.40656
7/8/2026 6:18,38828.434,43280.473,28.146744,25.754322,1.0196418,28.132307,6.442465,82.56284,129.23195,7.8012366,-57.2443,282.6643,0.035669155,19.614405,0,72,764.40656
7/8/2026 6:48,38554.832,43026.523,27.961035,25.937086,1.0195144,27.96724,6.435307,82.29455,128.82217,7.799394,-57.12509,291.6765,0.033439737,19.558708,0,72,764.40656
7/8/2026 7:18,38077.668,42524.027,27.59716,26.262112,1.0192457,27.64062,6.043346,77.067665,120.645805,7.7392254,-53.58219,274.15753,0.033118878,19.525597,0,72,764.40656
7/8/2026 7:48,36901.203,41237.43,26.670652,27.099388,1.0185487,26.804329,5.5572095,70.43878,110.273415,7.6174545,-46.420097,236.49216,0.03100655,19.494625,0,72,764.40656
7/8/2026 8:18,33317.4,37210.414,23.803196,30.014349,1.0163627,24.18677,5.343014,66.617035,104.2863,7.501851,-39.629936,244.68422,0.035156235,19.522427,0,72,764.40656
7/8/2026 8:48,23858.406,26525.4,16.409643,41.913948,1.0107048,17.24151,5.161181,61.84562,96.78739,7.2326937,-23.827553,242.033,0.03866431,19.735867,0,72,764.40656
7/8/2026 9:18,19399.098,21382.45,12.973742,51.54879,1.0080098,13.898592,5.1096387,60.47148,94.58099,7.120409,-17.2472,239.52008,0.039087586,20.143663,0,72,764.40656
7/8/2026 9:48,16616.785,18155.662,10.862883,60.18011,1.0063176,11.80118,5.235,61.68523,96.41953,7.0550756,-13.418198,260.46277,0.037288256,20.562294,0,72,764.40656
7/8/2026 10:18,14225.729,15369.974,9.071364,70.295166,1.0048394,9.990483,5.4182806,63.835682,99.69888,6.9881043,-9.522438,262.70868,0.039811384,21.102262,0.009,72,764.40656
7/8/2026 10:48,13554.6,14502.716,8.521425,73.775696,1.004313,9.426765,5.6006894,66.37163,103.58248,6.963322,-8.158684,272.15958,0.038784083,21.57722,0.009,72,764.40656
,,,,,,,,,,,,,,,,,
Log Notes,,,,,,,,,,,,,,,,,
2026-03-30 14:47:30 Started,,,,,,,,,,,,,,,,,
2026-04-22 09:11:09 Paused,,,,,,,,,,,,,,,,,
"2026-04-22 09:23:32 pH Calibrated (Sensor: pH/ORP, Serial Number: 1111279)",,,,,,,,,,,,,,,,,
2026-04-22 09:25:43 Resumed,,,,,,,,,,,,,,,,,
2026-05-12 14:26:11 Paused,,,,,,,,,,,,,,,,,
2026-05-12 14:28:02 Resumed,,,,,,,,,,,,,,,,,
2026-05-12 14:32:15 Paused,,,,,,,,,,,,,,,,,
"2026-05-12 14:37:02 pH Calibrated (Sensor: pH/ORP, Serial Number: 1111279)",,,,,,,,,,,,,,,,,
2026-05-12 14:39:51 Resumed,,,,,,,,,,,,,,,,,
2026-06-10 12:49:26 Paused,,,,,,,,,,,,,,,,,
"2026-06-10 13:00:01 pH Calibrated (Sensor: pH/ORP, Serial Number: 1111279)",,,,,,,,,,,,,,,,,
2026-06-10 13:03:31 Resumed,,,,,,,,,,,,,,,,,
2026-07-08 11:16:07 Paused,,,,,,,,,,,,,,,,,
